,Price
0,476542.3352640604
1,476542.3352640604
2,348527.92014363944
3,323591.1129056754
4,589231.7634483171
5,372684.83263810695
6,271930.90277598635
7,235157.0603681392
8,469579.23731336393
9,215748.51772465193
10,315224.25818125135
11,392117.26997104014
12,252238.58894354437
13,259212.83047914068
14,259319.65647119764
15,589175.9862176882
16,533877.6070567943
17,372699.08101050765
18,440682.867661879
19,254296.44821831974
20,467327.0429080256
21,298273.15618223173
22,1058643.620125324
23,306824.85993634793
24,207496.84196147055
25,278228.54493796034
26,446278.55099648656
27,329120.77551588474
28,395351.8917532986
29,257145.79021317844
30,465887.316173607
31,298458.1418863688
32,509462.12745155237
33,551400.3671733569
34,675563.8517441746
35,437267.79784397496
36,226241.5195025285
37,486023.46833214274
38,783346.3936319285
39,330106.78521386435
40,247211.32725030358
41,528272.4744709614
42,502077.42831633484
43,346081.8786769859
44,381516.61480898625
45,389533.05436210276
46,759116.3848450248
47,331857.8390734281
48,418870.97629471926
49,441529.74018007657
50,254229.9666277805
51,566156.7297820806
52,289254.92564119096
53,285860.6131045651
54,552973.9468242441
55,408051.6745423662
56,534337.3510084139
57,793255.0623744135
58,237043.61348778996
59,364465.70812185877
60,458683.7109174679
61,354241.14774757955
62,305489.4659360118
63,808212.6604315524
64,759375.7911550269
65,392151.1444550322
66,727892.6884705974
67,414209.3491791197
68,326554.020833831
69,544838.1311887718
70,487876.8334606903
71,420801.04232992587
72,612128.8472524781
73,245396.22605067078
74,383505.3470868453
75,422522.44666746864
76,584650.6917895094
77,280459.94945128984
78,458648.124487695
79,300795.31754079927
80,517632.6362174845
81,598423.190481427
82,401780.90775948646
83,719216.3669766086
84,533841.8144285172
85,320179.7856024178
86,482562.2632478336
87,243485.18813014514
88,234342.6603033472
89,319983.7027063155
90,358854.3658159331
91,401460.9214348107
92,401460.9214348107
93,338049.63912026107
94,299577.0866242684
95,494069.7831593358
96,376617.91416024056
97,258007.1036303979
98,262059.91040376096
99,503421.69727594143
100,281393.00107933785
101,467984.8295342125
102,226242.79515063294
103,345257.3448415083
104,234903.46791451945
105,514501.5853255102
106,465928.0049783671
107,362652.1437012629
108,373907.8526673903
109,309105.7031045929
110,607875.3696896596
111,1365403.01395961
112,566100.4745505883
113,350260.2763677775
114,247345.07022192798
115,322457.21345240873
116,481014.2307194224
117,898228.6900754325
118,368395.31264790334
119,236907.00208405365
120,393871.5698071695
121,438952.156458882
122,986626.2069979943
123,364026.92005176755
124,603291.6941487098
125,286991.8188181296
126,254292.46816768052
127,576083.9290480423
128,195666.61941660818
129,261313.74983488693
130,222631.39502187155
131,209133.80023929555
132,378907.6604152944
133,380331.69640064106
134,318773.55938152573
135,307940.9481212321
136,699870.906755635
137,280319.4708346187
138,295201.13663911604
139,597991.688815911
140,437716.7866540419
141,552978.2744752844
142,275951.8306655532
143,381588.9820919508
144,346660.7604258825
145,321003.0265886814
146,293790.15975493705
147,487891.40485846985
148,237824.8212932774
149,385926.69454653625
150,409857.2088519461
151,392241.7131967333
152,492116.36281326733
153,507325.1946355425
154,742032.5391767273
155,469146.89586428826
156,231423.49170331925
157,350604.75825993513
158,365589.12127966137
159,357021.0034049852
160,505673.3524815931
161,429105.82302526647
162,367204.83065965684
163,511764.82136320235
164,326263.8595220694
165,447734.3992868567
166,351199.9234465923
167,387319.1900715572
168,362597.78202767053
169,1136752.1061183629
170,298315.2872680935
171,337958.689339881
172,336733.7850923219
173,390631.9118732966
174,361253.7813873722
175,542741.7655214703
176,310072.883611702
177,430934.97234010766
178,235158.42924167318
179,315133.97430852155
180,937720.9574978497
181,793686.2506405449
182,699779.3555374907
183,501810.7044885064
184,542206.1466656501
185,369774.63322824385
186,699247.2505540557
187,245481.49243781576
188,477285.3854244027
189,301998.5539142565
190,346399.8484145612
191,460053.0275635113
192,371228.43302249216
193,371228.43302249216
194,247423.33259248183
195,512283.82998840127
196,287905.2579554986
197,486423.3347456397
198,299611.2758698748
199,489774.89778498333
200,283619.154174838
201,212413.4513920583
202,508175.4219200447
203,444157.0122485191
204,649149.1718721178
205,264325.8097794005
206,344970.3638185104
207,350336.66981696157
208,598011.8133551398
209,274989.82388073363
210,265197.116201317
211,478832.2913189581
212,524326.1958000312
213,287963.42200009746
214,293852.8702963545
215,600799.1802574877
216,331469.64933987247
217,538450.6436025897
218,1167375.169948956
219,214072.54212866363
220,297258.4743972043
221,527601.2612968907
222,281434.77284543857
223,704773.917032439
224,304097.37293526286
225,383222.40994827764
226,568785.9870906235
227,278145.1484995487
228,217457.74063752047
229,358678.87982447154
230,281437.64725358534
231,727195.83664852
232,357053.025032356
233,245425.62569509575
234,228790.163943173
235,383022.3054509364
236,358372.82269686577
237,384297.3259714609
238,235350.46096214815
239,577947.3567591204
240,573614.9886826493
241,239809.0984777394
242,434227.0605147746
243,327871.2540826463
244,517766.9734046607
245,513519.7328368982
246,255339.96937016427
247,490278.9837139485
248,339283.75819512166
249,596589.6759498378
250,344632.2437156256
251,637118.9620955017
252,437502.56645998044
253,316766.959942866
254,312781.58050446515
255,361291.7431228527
256,681203.6187918595
257,408144.64728762396
258,414244.02768608026
259,327521.7338923537
260,270610.01605444774
261,670472.3676803436
262,442845.8804837521
263,557786.22256826
264,323961.31022503646
265,597947.2889130333
266,549275.7767005935
267,253023.52931226415
268,1661413.8318146735
269,453281.92413410643
270,664642.8407478615
271,789534.7940878122
272,212400.8277697008
273,414537.79747359344
274,317457.9729642306
275,419109.2641840416
276,759716.168908999
277,360279.28949111333
278,509428.1421646734
279,517383.86474324577
280,837966.9153683423
281,404752.0481978811
282,324159.37446443544
283,245493.44652916736
284,398334.9739381401
285,686279.3655449406
286,266361.29459472967
287,348692.32464109047
288,234958.39315550955
289,351433.25181720697
290,244288.2452468628
291,244288.2452468628
292,609771.3319868272
293,246707.13976192632
294,238876.3003096816
295,427359.97765976476
296,778036.0213014242
297,390345.0573282827
298,753911.8386898228
299,365793.4113016077
300,462143.5103999105
301,291484.14782877074
302,215777.7067901331
303,632105.1765381475
304,503817.690367468
305,390706.0039568496
306,1007178.4650564338
307,337997.82485508575
308,218291.29210215717
309,243380.45134279502
310,1398881.7156654878
311,798744.8072915454
312,297082.4196083222
313,297082.4196083222
314,297082.4196083222
315,221858.86969444252
316,610239.4359759197
317,406419.88663160993
318,830655.2567293454
319,427696.4577043763
320,352977.22790550836
321,285911.08962036134
322,348472.50470363325
323,292693.4357293543
324,242438.9394157133
325,372999.01224255364
326,285836.3751184436
327,327718.2784320121
328,344668.3680596297
329,434286.33007743914
330,307949.4614152779
331,289239.82026680093
332,414215.302342309
333,274767.7604898406
334,455327.0358849022
335,280307.4009825303
336,359781.79004996916
337,322740.2422014149
338,321511.7268281066
339,716435.3341619303
340,344688.9690165115
341,206670.17863501102
342,596067.298101672
343,375622.17203542875
344,240768.13368404328
345,330236.836256159
346,331416.3939624738
347,603471.2412250953
348,780823.9765285084
349,364613.763808715
350,513336.29796893854
351,271666.0298910223
352,286978.11089376715
353,290389.67074232624
354,260021.77622273576
355,320052.89540818625
356,331659.8222579273
357,1453341.9642881888
358,916911.9874123053
359,523518.16604114923
360,411070.9164546075
361,344405.0090690235
362,427388.5806169831
363,374231.3492992295
364,294936.07659507275
365,562119.5401915227
366,662506.2587462767
367,654220.4838679188
368,340791.4419079491
369,400395.42952518637
370,414239.1332542088
371,321443.0168681653
372,207501.22778741777
373,570540.4035953121
374,346050.1261705957
375,670454.8221500589
376,435926.8173189234
377,291506.60000183183
378,299582.23368673684
379,351721.8963144128
380,425795.605162434
381,396852.0710115818
382,501793.0148467171
383,260291.8131907916
384,246360.19820887616
385,236982.19264440172
386,419180.1273255433
387,649439.6073798344
388,476945.9896841685
389,864435.1609613607
390,269379.72939722886
391,902920.0886734104
392,624404.6073800045
393,533830.4038918982
394,267550.3333641928
395,318485.24173840054
396,605362.6603307505
397,331703.9888996892
398,547001.2240412012
399,612565.114695325
400,783862.42013758
401,398827.82147973543
402,667691.8746690428
403,331857.5080879018
404,310506.25897488295
405,380560.09390447504
406,493704.80189384957
407,291492.8757316394
408,374651.27629825036
409,371321.8307657857
410,517920.9719214178
411,267437.7879454177
412,465881.6960708701
413,598408.2857582564
414,218297.06593581126
415,419161.52641482913
416,245614.32714562397
417,805958.0656981292
418,341469.95956460387
419,579531.8958748701
420,568835.1417851915
421,540104.2209463523
422,494310.7976545955
423,515766.11131486756
424,307909.505081593
425,308676.16928132356
426,409094.93480148795
427,289297.9946552795
428,419210.57751646766
429,433869.36636903696
430,407801.4948304542
431,548639.7774003238
432,352882.50829598034
433,493645.4649685919
434,289210.1386279897
435,296131.9877962612
436,641804.8955683453
437,681135.935229579
438,319951.7399878323
439,395208.1147145191
440,327546.48601449677
441,410710.3568890766
442,334267.2136120259
443,246439.69392463786
444,568333.7860992044
445,328843.97227630595
446,394975.5797048448
447,330377.59692183987
448,407790.67914145644
449,218333.14716643954
450,231397.7662836834
451,702520.3001961341
452,442407.30783867714
453,600968.3467578461
454,987792.7791623397
455,343743.89975717996
456,303119.16075637855
457,338025.5359108094
458,458287.8107769728
459,206654.70136480223
460,629989.7152295006
461,221858.91402315017
462,702212.1771843499
463,290235.15890215425
464,281437.0736974815
465,461851.3033664853
466,1093212.8141406258
467,605185.2217934041
468,353985.45526104036
469,348714.06175270706
470,442694.65507535794
471,472967.1949220522
472,228805.90694301887
473,600471.7589333346
474,600471.7589333346
475,317444.8631332199
476,368364.2270257318
477,699647.7958607338
478,380344.52617443615
479,332984.1971321714
480,833902.1161248864
481,293589.8669239607
482,331700.2104160806
483,265374.58288293344
484,351216.46682184504
485,410964.67190126644
486,456466.53119068436
487,240647.12564493407
488,409452.4402867901
489,732886.002202988
490,644484.5513733333
491,241608.07037342133
492,281235.857890579
493,289216.4878355753
494,300870.5270364818
495,339555.5321027889
496,934032.367779942
497,596093.9257374834
498,416008.9798186918
499,296103.088646671
500,342355.04476334096
501,380113.1623857232
502,584749.8644050857
503,361239.28472119983
504,317705.1314796096
505,300752.3602093106
506,501824.96644202905
507,364310.6017153399
508,272778.19556138327
509,414258.6579093039
510,464608.41467154986
511,226156.54803034457
512,312535.64446421067
513,303156.4375416799
514,427219.3363400171
515,299605.04479446035
516,518031.5470222298
517,258060.0191265307
518,269346.4317606587
519,774788.9286727955
520,254337.85758690798
521,287065.16714529827
522,458253.1388846312
523,429108.6450114071
524,424256.60346451047
525,488194.679625636
526,493625.67025215284
527,589614.1418781092
528,293547.03364138457
529,255543.95086475977
530,280305.9582665377
531,257197.26496993104
532,563961.8536131743
533,346291.81471507956
534,321210.4022463353
535,293821.7726621477
536,292670.2682925972
537,713630.6371692963
538,629179.8670409748
539,330176.49074855936
540,269612.8838398692
541,347393.0937220958
542,327521.4436715105
543,555861.3175403493
544,447926.8358085585
545,632431.879934252
546,343670.0973430161
547,458249.26364025293
548,1781269.153666295
549,386132.93453553296
550,238048.90903553666
551,214908.21438482672
552,234216.83212332448
553,236988.53565564853
554,691176.2184181287
555,224363.49379649924
556,304318.5031144813
557,297146.13278423593
558,447912.9465872484
559,462183.27190085634
560,343308.8954866913
561,399627.86217317736
562,399627.86217317736
563,639804.9881416943
564,768103.068514422
565,509389.92001786927
566,475049.38025638653
567,440682.50490891276
568,434107.8985879814
569,898185.4569918646
570,424043.57457860245
571,244444.5166917893
572,267659.8482210628
573,513770.2502892079
574,268501.4991801918
575,429093.63540708204
576,519860.91107662854
577,231316.38693775597
578,234310.34381407223
579,492267.4991294673
580,605052.6406579304
581,497919.56345601066
582,818456.4052129075
583,269575.8842871981
584,297385.5376440518
585,311556.34647474915
586,337945.82728821906
587,297667.726930376
588,318699.5137078554
589,373012.7977318003
590,246354.4308670957
591,316238.1690802563
592,326518.7759732744
593,234148.77530062455
594,227029.48155972845
595,467653.4183618207
596,258045.90406634653
597,201078.93172062706
598,490202.2051450416
599,390342.1136976235
600,392130.1252470983
601,532149.3507629354
602,236988.41636074334
603,327277.0445433691
604,390618.39770270046
605,458887.94159847876
606,207465.8669842918
607,942344.9643895688
608,212434.1215088997
609,2493841.3402600046
610,354182.7850115911
611,262402.5088382881
612,629126.7130286058
613,427090.3823225099
614,579968.5407043683
615,323533.88770286634
616,309117.1539382508
617,226145.11354025104
618,225170.6515169063
619,374135.10889560496
620,342026.22218429466
621,589350.6895530404
622,296125.189805501
623,419127.05545126507
624,285829.5253758543
625,375669.4782876057
626,488300.7482949002
627,332504.5202731269
628,348992.24262548133
629,735754.4312719586
630,395785.55608305935
631,503839.1732700302
632,227905.48042348115
633,387578.3560267375
634,309151.14942230197
635,531889.7067080332
636,225173.88868840862
637,247414.02193144613
638,427949.9975317922
639,309144.20588380744
640,387553.73205777723
641,270416.60665356246
642,406198.7752856606
643,374140.96131304756
644,229687.95804073612
645,460073.3499318421
646,530355.7791317191
647,419113.15536034404
648,686683.8500320931
649,327614.46616260085
650,444536.0821580158
651,762155.3027711227
652,316236.7400703252
653,197180.52392776016
654,446254.32060623384
655,308013.3853790852
656,226131.08146712507
657,306456.0866636374
658,268523.83572312165
659,999544.2237208073
660,331687.83466272935
661,454712.47958836344
662,487862.66580514726
663,492032.2668825982
664,387318.03989271953
665,288989.92017480335
666,691640.8521209556
667,454958.2246955672
668,721593.8623224039
669,254192.71847245356
670,1392138.783177658
671,318694.9477244844
672,795669.9260762746
673,464164.04086659296
674,254197.94004852005
675,302910.911896589
676,277049.87932090467
677,382823.4535321421
678,499462.71518703585
679,617344.4948429465
680,495984.26594899665
681,419116.3205109711
682,494186.8970290901
683,290115.92126722
684,273802.65857313736
685,401449.2404581196
686,265368.77787442686
687,390639.73525568546
688,346078.41456089314
689,473234.5392387311
690,975095.5269614467
691,279104.2627569824
692,273806.13421011076
693,337949.3548328853
694,227009.12820935366
695,497984.6121546029
696,419288.31802257145
697,410751.34478729754
698,318947.13540959527
699,555642.1451184204
700,239707.07852925602
701,320001.3022461299
702,302958.1354623624
703,403244.35667293746
704,346541.88169332914
705,1131546.6776191748
706,287941.46681517304
707,499948.1234309158
708,266438.87413016934
709,460143.43294176774
710,398768.9981013674
711,489766.9399435431
712,589156.6891130194
713,298296.1481294724
714,503364.4799631115
715,555136.7017247382
716,256183.94480718533
717,349835.9632013557
718,294823.7294732649
719,487854.1631202629
720,368404.2646496981
721,359897.2122063423
722,619415.0391211681
723,278151.40476569865
724,299355.4901627261
725,461886.5044047315
726,562624.4630207104
727,356974.3411707425
728,334001.0492275452
729,360106.28127178457
730,364134.3902589827
731,424528.2341069469
732,403132.3980928708
733,499447.9164907401
734,678281.052879575
735,552929.7630944535
736,312520.5676384302
737,286869.6504348607
738,419164.3343268381
739,419134.92391844286
740,244467.94278453852
741,445950.0530734425
742,233546.64360415304
743,507671.37960185006
744,591433.8149813033
745,354648.3396774562
746,412741.8363459182
747,219145.0357013696
748,436423.85626666486
749,389754.09466801176
750,504081.55755019165
751,409142.4296807665
752,290602.4641277933
753,469792.0949708625
754,301721.3560936154
755,520112.1997459427
756,457192.94642423966
757,331673.077544331
758,414363.76831990975
759,209106.38266014933
760,627283.7182127867
761,421111.8441362821
762,233085.0268330033
763,280103.49427149567
764,409772.370047962
765,449389.6963622397
766,509385.73153863987
767,713043.4755002084
768,271666.3299785659
769,238626.13481147363
770,387555.4970628148
771,415837.3366680265
772,434427.95533657435
773,285834.7131259801
774,279323.26643176965
775,451307.2179856372
776,415819.7784562323
777,359778.7334402998
778,310313.95320321294
779,934798.551376142
780,372813.4734581209
781,736315.1035794786
782,485991.85568492115
783,877367.0504772441
784,347630.1747262281
785,677819.4953851657
786,332733.74637673714
787,227006.75605588043
788,496128.54941402026
789,492064.59940528125
790,392187.91644324485
791,332803.74319742376
792,359875.54498009686
793,469228.53372206347
794,258556.50881051284
795,347351.4142063943
796,447971.7970659571
797,503427.31531140005
798,343627.03887406294
799,360173.12244071905
800,229700.66533775002
801,325264.92066564166
802,220008.7982661862
803,399879.229187475
804,508204.9793654396
805,256174.95696249368
806,367001.2472852691
807,442392.92603956885
808,771805.8780865119
809,223487.82890446237
810,327545.42403499666
811,1312799.6075690738
812,257190.5230372371
813,607844.2510534694
814,326434.31710326637
815,536350.5501114852
816,314991.8089354206
817,249266.53703136742
818,272758.2676096722
819,596135.5075328593
820,259351.93985132434
821,934892.430568846
822,267516.2771341267
823,333093.78217449656
824,503819.4782279617
825,272549.71826991223
826,283610.8496476187
827,395304.094327207
828,351461.7289810559
829,467332.9875645513
830,902696.1788926327
831,632343.7329222147
832,544906.7754934246
833,287043.5852998487
834,296096.0330794095
835,320190.7201425212
836,308929.54726528504
837,455161.86609492236
838,323559.0342581982
839,322757.6554980229
840,568335.8837969032
841,278134.644087209
842,286762.56746640557
843,507318.41799649136
844,358676.9919176785
845,407842.2599144839
846,444779.48643357283
847,345980.8283645168
848,589235.7556063797
849,456738.5494713757
850,315235.11729096674
851,371684.2664374926
852,437745.29224411823
853,348744.36069337174
854,656825.5334372618
855,319966.2473725582
856,1493686.8285585768
857,578344.5230953929
858,384792.7738175154
859,368349.82774517057
860,399887.0810187582
861,286955.9591536407
862,725081.3212284134
863,355598.3910683956
864,605002.9103254371
865,444493.6106799623
866,380034.75020240195
867,384965.61847883486
868,654945.3826852364
869,528153.1926627642
870,312752.2670146828
871,475063.28351819003
872,446647.53914924833
873,546826.00051779
874,206678.78651280282
875,215768.25660662525
876,346103.2570896074
877,400240.9539287909
878,270634.3406137793
879,431452.2217581538
880,257120.15634975483
881,268563.18753547786
882,246477.53367495415
883,330102.13972772664
884,263112.7936772634
885,337946.48943298706
886,198751.12610637798
887,336459.3799533081
888,305527.83428326214
889,476955.4756944465
890,432523.1753339058
891,250251.47572393814
892,480631.5967994835
893,1209267.4907767978
894,339531.5439255846
895,831349.8944029002
896,327843.99829736457
897,270524.4405182601
898,448669.2030707193
899,495630.27343475
900,270616.19248796586
901,330132.669342832
902,377368.26880450785
903,523981.1032121631
904,240630.24510122734
905,824196.5916150353
906,675621.1242550366
907,330244.5065131641
908,415959.9987591916
909,1021977.4079819621
910,1292712.520225429
911,501682.2585714206
912,616992.0881592289
913,215760.36163769467
914,407823.99867459113
915,515750.08465248026
916,1795288.2228041708
917,371552.37626583833
918,808129.8173866312
919,745041.677928874
920,335664.0535657407
921,366911.34638372046
922,398378.4015792217
923,264347.0104770134
924,372697.66214788164
925,323972.96178243426
926,521929.9687584186
927,419084.3002297591
928,275101.58467246743
929,358711.15529544925
930,292806.4401481529
931,342329.81879720965
932,382814.2832809941
933,272727.00049689424
934,331680.9353570392
935,332707.9457994564
936,1071121.6832788088
937,380716.2457329063
938,243602.21005389644
939,380339.08877109736
940,363011.4057251883
941,288222.5862207141
942,323977.43271682307
943,310324.43733366346
944,310324.43733366346
945,328881.9384486291
946,458578.6643712971
947,303133.6972410627
948,688949.3603732621
949,399858.67937762
950,665255.1162665411
951,484201.742763513
952,208293.84881673392
953,305302.4729428175
954,227813.23312760607
955,300793.5912604447
956,266403.9731553798
957,395286.03118755494
958,566059.8784648923
959,589309.0362776108
960,331701.75687128416
961,304504.80125788756
962,610468.5470195232
963,340408.79480644246
964,403090.79046486266
965,268392.5415978678
966,517377.77666015597
967,424122.63587505557
968,414239.0896898827
969,649809.7294136287
970,395229.1313201579
971,632262.5830750298
972,333061.0257469274
973,322719.1031808326
974,230506.40377059966
975,277114.8996030446
976,1365301.4219430524
977,381533.0770818834
978,352864.54973772465
979,252023.6063731892
980,287989.4021921176
981,211581.61054844517
982,480586.61770758725
983,410982.8551113426
984,557620.9197224119
985,294733.72994731023
986,422434.75683551456
987,320204.19296587224
988,425769.55810880515
989,327324.0748628524
990,265367.12317146204
991,713593.2791263238
992,509734.4263169947
993,236928.19791956045
994,227916.32079541145
995,469953.28536430345
996,429149.83865244704
997,1513197.630295437
998,962039.1341750196
999,301923.1423265079
1000,251119.82794243417
1001,810528.8403489754
1002,321439.7923674122
1003,249273.9415220999
1004,378357.7296415263
1005,293805.9640593972
1006,236993.07586559476
1007,293798.71928378067
1008,355578.7951905296
1009,340597.1179320776
1010,365472.38158967847
1011,427447.00199523196
1012,3031739.391732277
1013,357079.5402875418
1014,1131488.1348103639
1015,434613.3974800358
1016,622442.879440838
1017,519696.4073839038
1018,211561.97775354207
1019,388819.92972714227
1020,315005.4251045564
1021,306266.83451225556
1022,315235.2662568078
1023,619879.3017543557
1024,398311.875326203
1025,322462.9099934329
1026,439363.03284730104
1027,315260.53802868136
1028,605381.7776133827
1029,523453.8055151757
1030,229707.3029749751
1031,244732.57860132903
1032,736688.2116073156
1033,261242.17610608428
1034,596119.3245281809
1035,306855.11156483187
1036,274890.6834717209
1037,470971.9297729083
1038,1174331.8763921356
1039,364114.9338039655
1040,390573.99676449224
1041,488314.9406173116
1042,273814.3038185822
1043,514204.60733311734
1044,414182.81370221736
1045,313997.76799773454
1046,396860.85048367846
1047,530036.3725247579
1048,248542.70352800493
1049,503990.58550768445
1050,243478.15323574297
1051,518139.8297905991
1052,366978.1418568291
1053,519829.9854352636
1054,320077.2918369951
1055,325260.4842079463
1056,470979.4783427159
1057,404768.0000523239
1058,307993.02262527926
1059,306694.1082061511
1060,465844.6399077251
1061,336715.4538342744
1062,322882.9256281612
1063,415876.0728164596
1064,309017.539189602
1065,308154.8455468688
1066,360215.194889715
1067,718773.1883750891
1068,374152.59302933235
1069,303231.5287776448
1070,413657.2897681343
1071,239801.86148768011
1072,407821.16446714615
1073,647450.4475803012
1074,331436.4859540333
1075,546670.2888419685
1076,1666895.860405408
1077,677743.0504928948
1078,247322.2641398547
1079,407503.0922105232
1080,385058.9938280323
1081,282333.5470361637
1082,263206.2213911008
1083,535963.0402615173
1084,320222.61443447607
1085,528017.107048133
1086,254214.38890214902
1087,381619.685944079
1088,480344.15009329893
1089,226254.830135708
1090,273113.80902542605
1091,352824.6169153576
1092,661960.4690942859
1093,320194.9033267481
1094,796606.5301708758
1095,295001.68582057825
1096,388482.8577584811
1097,313555.34747412935
1098,264159.1974350334
1099,398304.4627763643
1100,427467.025439165
1101,310082.38354629005
1102,793249.6087741796
1103,575093.930815517
1104,300871.74561606883
1105,577793.7925780909
1106,317984.344451125
1107,279225.76709749247
1108,230603.09315210237
1109,263331.2977615265
1110,721461.9868449213
1111,322531.9382498056
1112,895374.1000354365
1113,283720.2658829587
1114,555369.7083666064
1115,441000.95370200044
1116,354525.07251856325
1117,301984.91163143783
1118,474765.9316257494
1119,1713200.010860228
1120,284735.68645239284
1121,321443.2428086979
1122,873930.326016448
1123,399613.0009079022
1124,1911970.7634231155
1125,530054.8436870109
1126,662779.5681536325
1127,265401.0420297885
1128,357282.536382259
1129,241483.55961521523
1130,360976.1379857842
1131,221774.08737093664
1132,253191.24323344172
1133,462167.1685874567
1134,335321.3378481244
1135,399893.09047057177
1136,362676.6228329062
1137,1210283.235151283
1138,348706.33541710203
1139,374573.45313735784
1140,289044.35267122294
1141,528020.7780233589
1142,833893.0704145662
1143,290513.35934517364
1144,372795.3313941077
1145,297007.787263078
1146,338077.0278123092
1147,629247.2820271071
1148,458649.7110981812
1149,278992.23806067195
1150,254979.43879995984
1151,518283.2021593437
1152,414209.84816995583
1153,519735.77238229255
1154,339110.84567236
1155,346060.9993644772
1156,396822.30455190747
1157,438955.4438195524
1158,331549.91652550315
1159,312757.8454450776
1160,274891.88833941845
1161,745252.9463714351
1162,464463.1062305528
1163,261059.4468581736
1164,818447.1835139233
1165,1105145.5717202448
1166,314298.7848184052
1167,310148.1021909294
1168,284750.13264562306
1169,503956.8892393573
1170,1043252.9411020126
1171,771165.109750087
1172,330487.34367215075
1173,279215.65474041627
1174,235154.09558046915
1175,351541.006142895
1176,225236.88025254893
1177,287029.21709879406
1178,276885.83563054976
1179,242563.3141349502
1180,278123.12887489493
1181,642138.2915098476
1182,255212.68164140542
1183,540118.3293716952
1184,263325.1067388259
1185,262361.71421437484
1186,252313.5437534374
1187,3053447.825100314
1188,294946.3693223101
1189,340813.9057672994
1190,279218.69126326655
1191,219180.47371360022
1192,1397692.3047689996
1193,435966.7921884951
1194,377078.1398625295
1195,313747.67601269775
1196,225164.16905566654
1197,248294.58983035418
1198,334070.3057882371
1199,401185.0932186098
1200,344895.04189188406
1201,289216.6333729014
1202,355370.807353035
1203,294711.65371057624
1204,306462.0486707783
1205,536390.4765316538
1206,259234.2957841391
1207,274973.1637407649
1208,245404.87102108292
1209,289209.7725870809
1210,229688.64059605158
1211,368409.5234522385
1212,402750.93341427203
1213,576519.8071925147
1214,227747.38900555982
1215,417445.1808112177
1216,310426.44633022655
1217,323734.739277681
1218,241438.5231988596
1219,501424.5682614975
1220,371227.16435962677
1221,707537.8987178564
1222,675037.548046565
1223,313980.46589767054
1224,417199.3330845704
1225,270625.2825486633
1226,544385.9182918022
1227,275944.38066503016
1228,249264.3016170104
1229,978929.5533629932
1230,741592.4898618386
1231,410966.122361137
1232,469571.0970471291
1233,354014.35285270744
1234,267560.9645195584
1235,505423.3841805918
1236,617560.719341903
1237,280306.1977001818
1238,306904.5092487018
1239,744463.0561251858
1240,304346.40176068625
1241,521419.71029780764
1242,481275.5897325012
1243,488287.1554844752
1244,306515.53990867257
1245,857061.8771888698
1246,366291.23597728036
1247,279280.28117349074
1248,278990.6790093672
1249,523498.48226030264
1250,312849.5377448095
1251,403095.25664546044
1252,495891.32852757873
1253,705389.7976399693
1254,496185.85278506123
1255,359911.7056326233
1256,367235.29633676494
1257,336453.3073400482
1258,503380.7236012638
1259,273803.19970954926
1260,344627.82843635546
1261,358207.0968695759
1262,617536.563407064
1263,338362.00257499213
1264,521736.9311805915
1265,1046304.4736298672
1266,898177.0542451966
1267,430758.54532441235
1268,297351.9981190606
1269,330159.4695200357
1270,301526.47893526783
1271,385021.0647905586
1272,493655.5120591877
1273,593751.2029646442
1274,254282.8725848375
1275,254282.8725848375
1276,254285.04099179764
1277,634836.8008819475
1278,762075.1082800073
1279,494099.26785478886
1280,474709.2214988873
1281,209112.86888945283
1282,383208.44630736636
1283,575056.3118205139
1284,236069.34279320514
1285,534146.3904078172
1286,242531.6392185623
1287,299340.4218193849
1288,216595.8405340402
1289,292716.9469110326
1290,471542.1035521258
1291,299609.85924604477
1292,523571.23244650284
1293,390340.7877765081
1294,278027.1160943315
1295,351501.7929699407
1296,286969.76283974695
1297,271683.08261978824
1298,317455.3039319536
1299,530131.4819936622
1300,406295.51223649184
1301,323719.975801176
1302,492401.39753002604
1303,313730.5307682169
1304,3032740.183719272
1305,226144.89976214606
1306,649990.3532379614
1307,209091.3359344164
1308,386134.27309285203
1309,521414.7298067717
1310,256382.64687404304
1311,254182.53656559216
1312,509690.98931626056
1313,607429.6256105185
1314,296094.4185898032
1315,235155.2170680321
1316,596095.6160557123
1317,1034926.3432473298
1318,416354.2013233338
1319,466214.8266598523
1320,224352.33518387983
1321,427708.1370871424
1322,331657.3520249719
1323,484063.6625145251
1324,352922.12492893974
1325,275983.087364673
1326,455192.0111972505
1327,513623.6088553849
1328,343290.9496907857
1329,392165.53466559254
1330,278024.1020961199
1331,525961.2115957321
1332,351433.45025176863
1333,353121.20802995487
1334,419213.673457821
1335,534213.7955366492
1336,827344.5793406764
1337,386111.18528224475
1338,930412.7817030842
1339,233340.01929933397
1340,462326.24869900115
1341,597995.6297704814
1342,513334.88983682275
1343,564602.0608855945
1344,339563.8583463787
1345,265175.66648147686
1346,562181.5638958762
1347,273876.5647876317
1348,365460.9385114847
1349,334025.3325666724
1350,332711.8718870397
1351,748129.0295539467
1352,406199.49329450756
1353,699778.6382221841
1354,284491.4175418067
1355,263406.65583932155
1356,330103.8454455727
1357,580299.9937659786
1358,368384.4721404748
1359,312512.6445532189
1360,322703.7961727288
1361,444129.915457053
1362,260248.69640490593
1363,377058.9901878002
1364,257005.53112507283
1365,497892.78858341835
1366,513760.44631150283
1367,263477.14451987564
1368,505365.07114904653
1369,361199.27756772435
1370,356974.6975492197
1371,458608.5457571888
1372,370285.98034702113
1373,330105.89187421417
1374,355586.6502903795
1375,420805.23866595124
1376,407824.4353208361
1377,287896.24052170134
1378,355889.6152994158
1379,310322.21129784704
1380,670342.8805323186
1381,296090.9206600848
1382,371211.01789393014
1383,492165.335032312
1384,379079.8252744894
1385,503377.3676087251
1386,387598.0942126131
1387,358409.54485748854
1388,284489.873015675
1389,383102.24735269765
1390,454679.16501724196
1391,256183.7744296232
1392,335612.349195906
1393,274895.63355268294
1394,480590.4491647029
1395,326652.6986833113
1396,538508.2034260508
1397,432696.78443405573
1398,442743.3874623224
1399,232317.7299594091
1400,465541.43663421104
1401,321255.25954469707
1402,409679.5179011823
1403,317620.74440845096
1404,617469.0948880895
1405,305541.0216617666
1406,525831.4304621862
1407,439285.6904760474
1408,338288.4998836557
1409,386040.4905560068
1410,555574.9615316171
1411,591354.95477991
1412,505891.33536087925
1413,412583.5470983103
1414,412583.5470983103
1415,295051.19301412866
1416,295051.19301412866
1417,317680.88788607204
1418,591489.4506257536
1419,528030.3516203841
1420,335301.73100315075
1421,304324.82448058575
1422,375768.44944292255
1423,264337.3668447276
1424,395204.7179395393
1425,515318.8399609109
1426,577245.5652759968
1427,223710.55112995816
1428,693848.0614733817
1429,280307.25182446226
1430,226118.89935765037
1431,631917.6700831832
1432,688357.081233619
1433,234287.28861481007
1434,234220.06810119492
1435,255187.0268698067
1436,783371.0995516939
1437,224370.76718805722
1438,263296.66248122137
1439,373180.04311002436
1440,425441.5265187231
1441,945945.6233970092
1442,279217.189205324
1443,348960.623139829
1444,306316.3385958735
1445,383105.32680045953
1446,307730.1730518767
1447,534868.091112565
1448,250248.78803320037
1449,396863.7459881723
1450,525504.7223917291
1451,293571.2392140459
1452,325099.5175677233
1453,395211.76954645006
1454,563884.9410053435
1455,269689.638519402
1456,525530.647622632
1457,312750.28080724593
1458,544450.4995131558
1459,306783.60097493575
1460,507657.71353928646
1461,280443.64942910726
1462,568348.1161063694
1463,348737.01510715333
1464,302975.4294641887
1465,271666.8390784577
1466,582280.4218386385
1467,352845.78851319314
1468,467352.48784885573
1469,404737.5670554227
1470,534284.7435522365
1471,330122.2780347015
1472,265465.37606716994
1473,265465.37606716994
1474,564396.0472828733
1475,263303.14512546983
1476,347607.3978224511
1477,386032.95319115714
1478,1214101.1870323843
1479,495546.9042858313
1480,521827.23656930035
1481,406332.0601382629
1482,247432.0654538783
1483,290455.76519939717
1484,404645.95313265914
1485,732841.6339859643
1486,817718.3661002474
1487,442742.1239329764
1488,205066.0673148728
1489,523466.7443808052
1490,230501.47690605116
1491,375762.4591143075
1492,1101164.4778323364
1493,326052.07096702326
1494,209103.99533709753
1495,473320.8538204345
1496,266423.6850454799
1497,469214.102338665
1498,392122.8319324594
1499,438967.53435956355
1500,668064.1549353392
1501,584508.009188938
1502,547011.633462774
1503,1043031.6189243055
1504,662704.3687272765
1505,524099.5970596828
1506,284748.8194070362
1507,345030.4423416505
1508,313779.9071967377
1509,437510.0191892364
1510,440941.84374586056
1511,257982.2120404621
1512,719684.2860178805
1513,420815.38478877465
1514,368335.5565687895
1515,404365.84187173104
1516,895487.6689496329
1517,675190.0580369335
1518,300802.98076203576
1519,383031.3659361105
1520,446272.1417798218
1521,218306.36152282436
1522,669837.5932294116
1523,503407.5521895632
1524,461933.81918181654
1525,406189.2499747773
1526,274874.8934190586
1527,359792.82571775245
1528,517839.42542236665
1529,546502.4743483135
1530,415891.25480936054
1531,343351.62074906507
1532,239725.10892848848
1533,477231.27247602266
1534,501412.3018642892
1535,353137.5119871052
1536,980457.6686691956
1537,430823.65871308505
1538,795591.2651972093
1539,697072.2909527388
1540,464027.18123939616
1541,713715.5344709167
1542,462277.5187285249
1543,372461.8019383575
1544,448043.1442571383
1545,300755.60239774425
1546,418817.5403041613
1547,244530.21055057488
1548,498161.28216435213
1549,395363.830229763
1550,281392.9145412565
1551,290526.4822980026
1552,314165.32882331556
1553,324992.6551563085
1554,572738.5253659217
1555,519864.79594548926
1556,432662.8651188904
1557,372744.89693913894
1558,425415.9950729964
1559,577780.8638752761
1560,629624.8383426632
1561,568306.720848198
1562,282502.43528247066
1563,453365.33101928036
1564,390384.47764081135
1565,215772.5633073875
1566,228640.39466937567
1567,383040.8208871954
1568,250331.84158892822
1569,377084.4665952316
1570,736491.7662723376
1571,691171.0182635754
1572,482168.31538017135
1573,449755.2135066236
1574,409380.597866189
1575,230592.2710479797
1576,561646.210387583
1577,361188.5707601632
1578,665149.3564233445
1579,302936.04768023454
1580,607946.2981857037
1581,286054.1188953976
1582,395531.1864768415
1583,262267.5157181426
1584,288108.86054503
1585,1228398.5925263276
1586,411024.96550700825
1587,339640.8360878095
1588,314125.27146267385
1589,398095.99932336475
1590,291594.95966796746
1591,383116.1336734657
1592,1237942.7356332103
1593,254178.3900608244
1594,498024.0664135273
1595,312747.92618757515
1596,307672.84123088006
1597,540621.1594812049
1598,314823.8576836397
1599,557597.2426033319
1600,637076.0252905105
1601,342065.4734309228
1602,719224.4168851158
1603,341936.1368302008
1604,392531.22508034675
1605,258200.9285392842
1606,420529.62725418253
1607,290199.0970073152
1608,351506.4168398565
1609,496024.8915339915
1610,296119.9715136734
1611,314955.9418414264
1612,435797.49052228336
1613,205081.9843623989
1614,441318.97979229287
1615,234952.46217706674
1616,392158.06207640585
1617,582255.5145666851
1618,247327.32226782982
1619,299788.1844537824
1620,507694.9870978884
1621,815508.2591380182
1622,675024.4449089607
1623,263449.5536455745
1624,667148.0581105555
1625,264511.9845758994
1626,304334.5577071645
1627,307683.581885661
1628,474695.01188234554
1629,465485.4992311297
1630,355687.9934830741
1631,364051.9609924946
1632,343283.375560336
1633,471072.9919529585
1634,460453.77741549845
1635,295664.61256295064
1636,667149.2194830802
1637,248185.300179684
1638,346008.7833148555
1639,733093.860791476
1640,306005.73217046954
1641,412605.7601410387
1642,608237.9180910321
1643,319965.3462659367
1644,380541.64634640055
1645,564453.4477162466
1646,308875.7874444989
1647,315211.6868999287
1648,236911.36850655114
1649,231580.62594608156
1650,425552.4817082723
1651,821555.8998120448
1652,272586.4845484535
1653,355616.13436340884
1654,322826.3795109261
1655,467704.86767295527
1656,234232.65840853032
1657,365610.12838817644
1658,584540.6555866179
1659,389061.87321046495
1660,366904.3314531744
1661,472830.34771188727
1662,374123.7087974337
1663,368785.36218111956
1664,286981.54798753024
1665,641630.7598405629
1666,303128.93910003826
1667,487863.97575630527
1668,477226.8970259272
1669,207502.60798550228
1670,246471.12185425602
1671,592018.8727785425
1672,452006.1425515038
1673,268306.9310767536
1674,579584.3289322158
1675,336728.8323075464
1676,451618.9464692465
1677,469696.2153016315
1678,624234.4711866617
1679,478908.01829567546
1680,340604.74422849336
1681,589156.7425432334
1682,278121.0803828876
1683,456892.6965189797
1684,519783.0293834819
1685,2624152.5846277988
1686,482191.6047189689
1687,686278.7640724747
1688,473478.59799824026
1689,414295.32705034333
1690,867913.2179680113
1691,330242.24023932737
1692,756202.9343087893
1693,290513.9237876858
1694,649156.7453193858
1695,254985.20743169816
1696,272835.8053467647
1697,331408.9852241284
1698,311374.3172498034
1699,472951.9384755365
1700,259026.73667524356
1701,680399.1126594791
1702,680399.1126594791
1703,383034.86190511973
1704,269560.7450960353
1705,222616.813615397
1706,422801.29895846447
1707,228803.459669804
1708,254333.6096981852
1709,580154.8491027905
1710,533812.143523817
1711,503783.8565413608
1712,218288.72957226558
1713,444316.09792347695
1714,378880.4616036775
1715,259198.84842366903
1716,264124.06178257265
1717,741532.7897361387
1718,365446.5140054249
1719,249171.31345147206
1720,926831.8032007255
1721,406268.7693608459
1722,352647.998845716
1723,403510.9285077248
1724,523937.4243641718
1725,417208.73985285853
1726,309101.2007491196
1727,1693151.676416757
1728,242751.76518148597
1729,337094.97225657816
1730,347439.9086104368
1731,268513.0695855283
1732,420483.59166602057
1733,497514.7559663138
1734,579952.4880244778
1735,378582.10991037474
1736,473222.76913810667
1737,434172.0637774585
1738,203458.88980149713
1739,598495.1771563787
1740,326077.57578563114
1741,566515.8040515515
1742,669795.4281341402
1743,499863.9665132747
1744,250333.655112059
1745,557731.5066616868
1746,296081.30224010925
1747,411054.8639628662
1748,372910.03174777207
1749,487859.7231368698
1750,279099.3447089761
1751,636608.3401717365
1752,343298.09014945984
1753,596216.5892314574
1754,444137.85289694107
1755,364039.84795957775
1756,732894.3794446446
1757,342204.9331979749
1758,226127.8849881149
1759,331681.6064322392
1760,515369.0692756428
1761,257231.21858333552
1762,275962.4677054574
1763,798711.0873190007
1764,212402.84527377607
1765,675038.0924237381
1766,392178.28507736133
1767,327810.5599164649
1768,299593.72899856226
1769,322709.1000722041
1770,348896.72509414534
1771,249372.93894212454
1772,278110.64053243573
1773,538352.0426933873
1774,571516.2864808625
1775,408199.04695172753
1776,365465.66626405716
1777,577938.3950798952
1778,661953.5715453236
1779,351526.1568887646
1780,341558.7211325725
1781,348694.4653894623
1782,549223.3930510957
1783,299387.9104922285
1784,326553.42580361
1785,271664.1833079776
1786,215749.98479057002
1787,299576.92184104945
1788,738594.2191982892
1789,277920.74532013346
1790,808252.3413995223
1791,293821.9442116064
1792,299350.2307536131
1793,751008.9671343287
1794,419141.2079667911
1795,603360.710351548
1796,339539.16716098395
1797,234237.91702610356
1798,884970.8191145639
1799,357385.5517320747
1800,215767.7213382035
1801,1287797.2509565442
1802,239066.87608204904
1803,523875.7816396628
1804,374146.5492551775
1805,373910.3122709509
1806,408051.65309722966
1807,724931.087695449
1808,201883.56638237595
1809,422523.44266852766
1810,253981.22258380492
1811,769087.9980246375
1812,747975.7479069857
1813,284748.30016717047
1814,380316.24280092627
1815,279226.2693630534
1816,422109.24483052595
1817,499805.473694405
1818,699261.5297544246
1819,678556.9073611739
1820,551201.9338773089
1821,300624.7863309646
1822,395232.50514283683
1823,386534.0044140659
1824,589170.7152070769
1825,279197.031958962
1826,399860.0838438332
1827,718721.7477562682
1828,239694.51646384443
1829,605555.45742106
1830,236995.8451175055
1831,306530.97624884394
1832,280583.6625409483
1833,491720.0915871722
1834,372767.89256136713
1835,380032.6217376501
1836,242523.88781096938
1837,507338.8945941938
1838,303165.0436420425
1839,251216.4628423283
1840,553366.4973258101
1841,279223.66940752266
1842,669832.1997517558
1843,579526.5182172803
1844,350105.7178010955
1845,388079.45725202735
1846,244529.4047163519
1847,320087.1987535142
1848,242339.3345683433
1849,547442.199962627
1850,432409.04383122106
1851,347754.6553008289
1852,675052.5717471237
1853,330154.2952304263
1854,458548.60468968656
1855,622286.6000922329
1856,304328.1946386299
1857,344695.45482076635
1858,1668050.2302917093
1859,535879.7496389394
1860,304160.8864298614
1861,398584.1332159235
1862,657354.0714208549
1863,548710.7232791956
1864,499517.2973043064
1865,386109.9567973848
1866,1084754.8483775717
1867,256979.53938032943
1868,521488.31138278433
1869,312763.98688744666
1870,460425.40456903423
1871,415898.6021896675
1872,343732.883778917
1873,398370.6366833422
1874,347472.8303963086
1875,296120.19512036577
1876,498021.2352501165
1877,271834.3755861299
1878,375965.38238123135
1879,351454.95791995694
1880,267486.9873716441
1881,259225.0819330404
1882,642139.3438232667
1883,230584.09674693452
1884,264699.8263391872
1885,332833.6256896085
1886,352960.44168943824
1887,435844.0045203792
1888,564321.3598882755
1889,423856.4752712828
1890,404596.23407942394
1891,649972.6342924493
1892,404698.7186834021
1893,342022.3384684927
1894,699810.1781784265
1895,325617.75790494366
1896,311562.5118833764
1897,265259.37845723756
1898,603137.4975890557
1899,309097.887054944
1900,559920.3721896443
1901,411009.46282145963
1902,300895.95063046773
1903,284728.6608227305
1904,469184.1179291003
1905,335359.2193081136
1906,573263.3188294583
1907,705385.4823374248
1908,278132.06311387324
1909,419279.8681104899
1910,403324.75101023534
1911,777826.5012207812
1912,570580.6753111505
1913,555136.8829693889
1914,329085.2110576573
1915,654282.4590662386
1916,607444.1932338863
1917,348740.95924875524
1918,377097.1891343366
1919,365733.5639549336
1920,365733.5639549336
1921,249310.16815100505
1922,386192.14296051627
1923,485985.02079261065
1924,497507.95826841355
1925,2484028.8847648646
1926,322713.27616262477
1927,389260.5680961394
1928,482580.2147767984
1929,327630.11883735127
1930,768706.4124224529
1931,283398.4515856641
1932,531707.8417040046
1933,354780.72201605735
1934,255245.06103104728
1935,209112.79688455883
1936,1115003.1095582074
1937,352823.5841749132
1938,312517.28345880314
1939,261255.7421895007
1940,360092.7907199078
1941,1548816.6361368278
1942,292697.80562182475
1943,624246.2341316502
1944,229811.0622785107
1945,458641.60890595755
1946,927534.6672401751
1947,275731.93038406863
1948,343768.43489984074
1949,564486.4421214748
1950,421411.5721188563
1951,605460.9061014772
1952,422396.2051290566
1953,598473.4778368521
1954,552958.3653022776
1955,402798.2264078401
1956,317474.9682867003
1957,273817.66171825107
1958,360418.6094882452
1959,208291.27432659196
1960,291648.97998278955
1961,627517.4419340683
1962,299872.7088181903
1963,817923.1357565834
1964,540492.3708349415
1965,821587.1930083622
1966,398368.3413717322
1967,532145.2256370318
1968,570504.2414797219
1969,247477.56160976263
1970,1031044.1395421836
1971,280557.3671902405
1972,1153775.9111587647
1973,424054.1006191225
1974,412962.79383451235
1975,261238.4676139798
1976,223489.78443884276
1977,328867.7240679993
1978,399682.82630620507
1979,427415.3751806555
1980,727123.2248151117
1981,339263.2294674579
1982,713683.4088760129
1983,330119.9305560281
1984,705758.6429406303
1985,420739.2578031918
1986,847134.5663778564
1987,322844.7098259002
1988,380024.17668064224
1989,247455.65844246658
1990,368359.90368607955
1991,747991.3065739126
1992,377150.96074427885
1993,229607.62537714574
1994,300516.63100430154
1995,274906.44432830304
1996,575583.1368290806
1997,220883.0611944264
1998,285990.56057376816
1999,393406.736443015
2000,300778.5410432777
2001,351493.1479111335
2002,445876.4914017142
2003,285875.24794848735
2004,284498.9330431727
2005,326307.87115586246
2006,387321.396672642
2007,607842.7806168527
2008,536340.6685305021
2009,242647.90697787754
2010,334217.0533081109
2011,249272.55373897884
2012,774601.6331625202
2013,405082.3136392905
2014,279223.1900798836
2015,437524.77922535274
2016,310112.0386535428
2017,297325.7792068288
2018,332704.36866758845
2019,307978.1358982871
2020,566083.0862374564
2021,336921.445429919
2022,249298.42961158277
2023,494220.09995484
2024,265623.533527941
2025,642380.6829616786
2026,294814.71451518574
2027,404686.81002631504
2028,398459.1793342467
2029,531798.6581510938
2030,364039.5842404465
2031,275775.69689480634
2032,441372.1142746728
2033,654309.5101227392
2034,878037.2603247709
2035,634110.3832222745
2036,291555.9869003639
2037,824203.4103336498
2038,490218.5974566341
2039,339535.1867859744
2040,809180.1179035496
2041,435809.79986754863
2042,329249.9939169255
2043,417671.36025956576
2044,1114820.982121452
2045,261256.407836955
2046,261256.407836955
2047,420785.62771625083
2048,544888.8227184038
2049,432622.04407928593
2050,499473.766909465
2051,602662.8574404531
2052,311302.83687238616
2053,404948.4594053417
2054,258056.61035781653
2055,644646.3979859706
2056,249268.28943954865
2057,298414.85451520095
2058,348716.05732538406
2059,675722.6964392547
2060,273825.812082679
2061,955139.4896804246
2062,468039.44073361956
2063,311550.94767355523
2064,307982.9707879836
2065,534454.0068741483
2066,562667.8900808449
2067,990547.0307035779
2068,331651.6692365655
2069,299593.3244394832
2070,519446.8249683132
2071,290341.3307742753
2072,665161.0672158676
2073,486620.80120916147
2074,323836.3882867327
2075,713832.0837775373
2076,513786.12108462333
2077,271723.14744892484
2078,318782.1333775914
2079,348698.4772858474
2080,317898.8607606618
2081,343278.10850124055
2082,315045.1262733802
2083,282295.0578853267
2084,467829.894569093
2085,300674.294200281
2086,488314.57299446996
2087,290630.5700198521
2088,289002.80227715825
2089,369799.22248660965
2090,392165.52925569104
2091,672905.1318466293
2092,398411.39790596854
2093,484404.5282407609
2094,224367.71753401172
2095,314671.32601791614
2096,382838.3093991397
2097,737031.5308430418
2098,281408.6196806963
2099,624244.3148884536
2100,562524.3110186104
2101,299607.6309868553
2102,310473.6019604448
2103,351465.9544719211
2104,396548.68889248255
2105,568300.1383838535
2106,425430.4888741851
2107,546944.334224544
2108,465523.372396519
2109,392477.95693748794
2110,291686.4145263125
2111,285984.41839417233
2112,672478.628814824
2113,891471.34029703
2114,354192.0657087601
2115,244519.02535752463
2116,300760.7251785649
2117,478819.0277172617
2118,440690.8987632512
2119,300532.46720615606
2120,430452.68236131885
2121,252306.96978920145
2122,270406.39001851424
2123,278132.81571591634
2124,409516.99016822345
2125,488351.3358995471
2126,265481.42582499393
2127,235153.93472470163
2128,414261.49058020575
2129,575579.1015478745
2130,551231.2001546244
2131,463675.56962177204
2132,254198.65378008017
2133,480753.30941696133
2134,226120.705940154
2135,564269.6133736667
2136,318982.7414188302
2137,500298.37909393886
2138,229758.95204084876
2139,487863.3157702055
2140,498161.47658624535
2141,527929.5167211592
2142,545387.895125155
2143,887883.0987119912
2144,902734.3941563424
2145,571042.1124106316
2146,392118.09494325443
2147,310118.5231845062
2148,257042.86648137853
2149,579520.0986240789
2150,384510.77001340484
2151,368661.3377939235
2152,342215.1390777912
2153,705291.4566194651
2154,442423.1735808545
2155,343281.29232898523
2156,1420854.167497752
2157,255180.32694220205
2158,269463.6100856503
2159,398373.68990196555
2160,777867.7998217032
2161,312588.33765283634
2162,218180.9114396488
2163,285843.1464237275
2164,634148.8835881464
2165,551264.9478652496
2166,392590.1649011533
2167,273804.6427366308
2168,360265.29063072405
2169,289078.2602684433
2170,353154.5713446116
2171,1190762.9307242848
2172,430687.43668329704
2173,501887.44663415756
2174,570954.9411894836
2175,411105.49010923086
2176,805123.9248922988
2177,411011.25611928187
2178,447642.40800414246
2179,444172.2052850174
2180,319981.2243327977
2181,549078.1556292782
2182,235182.93840254223
2183,262060.5786298842
2184,449406.0165744675
2185,293548.91271940246
2186,333075.68070690706
2187,351452.6022277409
2188,278046.76507227414
2189,990525.3016850383
2190,325460.2673435758
2191,362952.70865382435
2192,261247.01716914328
2193,570514.5490612584
2194,861046.6632944205
2195,529772.7318937824
2196,398100.05618809874
2197,312781.63046074385
2198,294951.5143731536
2199,305303.6871779171
2200,488400.4543641382
2201,269551.0237409416
2202,793281.8638873176
2203,422573.6109214283
2204,279212.27812406496
2205,231421.53518596728
2206,365460.4176360196
2207,244517.28105277897
2208,247473.4092875789
2209,318942.0721842519
2210,246166.81364545668
2211,358362.22950327897
2212,501816.241603168
2213,361702.0596436139
2214,501717.5269903736
2215,530053.5870209578
2216,542672.2263581068
2217,504126.72639768786
2218,609779.8253401468
2219,351426.09254938347
2220,358437.8330799158
2221,378590.9032933212
2222,247328.86673617715
2223,404346.3090711214
2224,460985.5938840813
2225,227894.37228816003
2226,351429.4700546619
2227,311296.5484192387
2228,437640.77234302857
2229,334111.36013590207
2230,283385.9096352637
2231,294942.9164511732
2232,400080.26126492396
2233,320473.1773050065
2234,307675.0897741851
2235,364200.8687203916
2236,619457.6093670875
2237,867988.6121737773
2238,503709.1070803231
2239,1071973.704923936
2240,355689.9329541106
2241,1205544.9032088446
2242,318931.6824470562
2243,271671.6351286424
2244,434124.005919636
2245,405934.0853438889
2246,306457.7891782521
2247,555448.9455393963
2248,333998.1597515507
2249,204256.17093370753
2250,480730.1800599924
2251,213256.64193495645
2252,503415.78118717676
2253,292715.53438159206
2254,335352.1301141598
2255,231308.84949300857
2256,270389.9402440351
2257,634135.9122371788
2258,422467.52882829146
2259,471400.8366236126
2260,286758.91459622886
2261,353123.59015933
2262,365457.4725581367
2263,365457.4725581367
2264,1338771.0752179336
2265,465490.388500552
2266,478421.82233021106
2267,327531.6357526391
2268,425492.3815428807
2269,243484.00351858026
2270,422160.5852837709
2271,393839.77283360314
2272,1042224.1651185901
2273,288005.1439737873
2274,1629430.110470683
2275,367340.689109712
2276,475416.26558705134
2277,273956.4114974491
2278,404589.38229343883
2279,499858.4686603713
2280,259016.00982654898
2281,559960.70766265
2282,298173.1654569698
2283,439002.8302569269
2284,214092.20713612877
2285,440973.56954242324
2286,536225.0936585127
2287,338252.04426283645
2288,214083.59039992918
2289,525520.484424385
2290,465513.24245988607
2291,351486.07275932265
2292,243487.08014099076
2293,818327.7673634356
2294,308672.81100445194
2295,260264.4090300432
2296,248298.06251869016
2297,639609.20925748
2298,300512.8838827355
2299,293895.02901311935
2300,283619.1090938184
2301,377216.84722493804
2302,266546.5502136149
2303,295861.88426801976
2304,844900.1103493135
2305,377081.20266098104
2306,469609.35744805937
2307,219154.99340378007
2308,263305.626731736
2309,330103.52296143357
2310,476528.2457094198
2311,303177.1763857323
2312,511823.8561121039
2313,257451.35937514118
2314,307675.3712533877
2315,487869.03520420083
2316,316462.6633995837
2317,719256.7717250152
2318,347442.23613610223
2319,439540.22637499246
2320,347404.62176772754
2321,799850.8709408271
2322,447995.9188940036
2323,884250.7032734555
2324,714043.0567310944
2325,412761.2509836776
2326,306711.6858919248
2327,270393.71792442445
2328,243478.71417641113
2329,683574.033236571
2330,901726.6676923075
2331,278111.4810607394
2332,340853.0415879715
2333,299362.4214949414
2334,598412.4625072896
2335,718683.8402592249
2336,1185808.9710505642
2337,342075.6442315894
2338,311381.0757007686
2339,601692.7150772215
2340,622398.4348214653
2341,302901.9372039556
2342,347439.35391021066
2343,404806.34841506835
2344,451031.9750922143
2345,617443.4330215332
2346,350123.58501767094
2347,467961.91422293294
2348,713684.9712021785
2349,442955.1998290406
2350,415378.57067970786
2351,683980.4182297805
2352,437595.163742832
2353,857735.0784549093
2354,448361.0800258688
2355,369571.4621204316
2356,348800.75182710885
2357,1035060.336286339
2358,339092.3084240845
2359,790061.2245359172
2360,285058.9498051091
2361,566677.5566000432
2362,398427.43283922295
2363,427759.1165373604
2364,338022.3361415448
2365,364317.25877355004
2366,560001.5868107076
2367,680442.1438182998
2368,621855.0643065788
2369,340680.1251933876
2370,290217.2033653518
2371,371322.0558363067
2372,259248.30351815172
2373,543115.6258582285
2374,350336.42372288863
2375,254810.95505031588
2376,385030.2518740413
2377,596142.4330667908
2378,427899.97772840655
2379,326065.4068430545
2380,1376000.099311024
2381,768696.2580366874
2382,624218.6917513922
2383,364109.44863754476
2384,249264.9768996078
2385,338577.6415574556
2386,533263.9249305116
2387,815610.9709335814
2388,341733.0046450741
2389,647242.7127016813
2390,413023.12867431587
2391,991350.7439540692
2392,726570.003468899
2393,534152.6840418478
2394,744991.688028521
2395,765106.8443622254
2396,634617.1538122271
2397,323810.44555615063
2398,281179.43384241796
2399,480853.2044941619
2400,331464.4359268845
2401,377410.18921865645
2402,320033.12602504593
2403,580465.6230879624
2404,424607.79044188507
2405,339635.7116170331
2406,430838.44776766864
2407,283389.07850916166
2408,566122.2289649517
2409,521829.47199888685
2410,328886.0135235339
2411,359857.713933778
2412,490766.092875552
2413,451030.6520747163
2414,491718.46688661916
2415,270483.4509083629
2416,384308.42744043167
2417,637065.0703825618
2418,995199.5093300664
2419,1058615.8618040076
2420,654806.0448554495
2421,455088.9820288419
2422,318273.5711951684
2423,300614.3806430511
2424,501925.0277598424
2425,343085.2074888205
2426,496595.9958484819
2427,316292.6108976564
2428,629192.306021978
2429,626841.873159605
2430,484415.09689922474
2431,724666.500320234
2432,553371.6737983405
2433,446229.3811309589
2434,777275.4905277381
2435,747441.1365117343
2436,686344.8386813079
2437,280101.47972252796
2438,352620.5162753832
2439,774766.3701787541
2440,321008.45840325346
2441,1001455.1266827852
2442,256308.7639815167
2443,649763.856667687
2444,260514.0206783918
2445,580465.7702251833
2446,971434.0476506437
2447,393962.92265895
2448,236905.9355409828
2449,475067.98159102234
2450,463724.2727250812
2451,359896.879623345
2452,236898.9783269297
2453,975912.6715504695
2454,544872.6101570544
2455,434223.05402152525
2456,672989.4108957953
2457,499500.24591004744
2458,697036.0030818203
2459,280079.0799289157
2460,300349.3220632905
2461,1243520.317224865
2462,689304.7928276525
2463,769080.5335164571
2464,391544.1436121458
2465,493655.385135719
2466,427704.11712365085
2467,369571.107724766
2468,898307.599509526
2469,827363.0293085239
2470,372197.6915984624
2471,369862.22429517994
2472,290373.0288216157
2473,570744.6677108674
2474,1760546.3253691506
2475,249472.98992078123
2476,644167.3814866795
2477,548613.4380705967
2478,467780.7346849923
2479,282312.91904705303
2480,688656.8409597744
2481,369590.7849622099
2482,363823.62566512945
2483,299627.53594694566
2484,401744.4221282337
2485,719585.0233786887
2486,553714.4531978355
2487,1205495.7966601208
2488,359570.3830146734
2489,784265.2550244834
2490,632203.5025065104
2491,912773.8453013848
2492,393739.05257071287
2493,359893.9544279941
2494,465908.1895741077
2495,502393.35464795283
2496,271464.00208564533
2497,342071.6922043673
2498,434592.8026724192
2499,577714.7357145027
2500,870508.336427052
2501,359601.9539594589
2502,335106.20640856546
2503,830627.932784098
2504,339383.0306930124
2505,287697.0788404837
2506,392174.9852465737
2507,376139.96746169
2508,492364.6374320657
2509,530078.7275035471
2510,360109.32830013393
2511,332490.75509983057
2512,549110.7257179294
2513,657668.2408861554
2514,307942.6980408942
2515,338008.7313020891
2516,660239.1566129504
2517,312802.86647989595
2518,393736.7718555606
2519,837929.0403160003
2520,523885.95961322606
2521,953244.6180280554
2522,436124.56117576855
2523,525744.3483126933
2524,1042184.6162004656
2525,286963.2796150383
2526,719332.3441606138
2527,362707.38077773596
2528,562436.6431763672
2529,665082.9723823786
2530,303490.3416043148
2531,443264.68747015414
2532,335106.23351655307
2533,1414125.6095571492
2534,420485.9714237531
2535,1577927.8785602325
2536,336641.5426534535
2537,549084.2068539071
2538,555549.8442291258
2539,559947.3867647965
2540,391937.69896739285
2541,837792.8084710626
2542,519794.44119973714
2543,742186.5591159691
2544,411117.8768772671
2545,455156.76661471935
2546,444374.25425916247
2547,999193.171311264
2548,393736.997111173
2549,532353.2909057171
2550,387965.65536889015
2551,509912.23900282435
2552,628925.4170707794
2553,464576.4215047191
2554,808969.3253498366
2555,362665.04963931
2556,369766.34088201885
2557,694445.2432914304
2558,1172894.750033384
2559,670421.2560078262
2560,641891.1895859303
2561,540634.4228185272
2562,587368.4767102812
2563,316298.7117118141
2564,330407.8956841394
2565,464034.0263996742
2566,1273496.525305119
2567,678589.2456419569
2568,3032375.1078766924
2569,793267.0215907674
2570,318960.3176062071
2571,468246.21528509125
2572,519420.0284256
2573,366977.8759812957
2574,397107.8588663491
2575,505782.3439200089
2576,320012.9132303263
2577,301951.92600576306
2578,557753.0113855774
2579,503170.90782183857
2580,552972.0535060667
2581,484075.32520022197
2582,347104.5806052471
2583,296128.474644971
2584,459849.06444125023
2585,432165.6895986227
2586,1039091.2697400248
2587,486757.2778558263
2588,464057.46201654506
2589,1105247.5938925897
2590,317894.9969899758
2591,808932.5658083835
2592,354020.8905717456
2593,333826.7909155496
2594,432795.3841424946
2595,265358.87044594076
2596,1177233.2878267665
2597,817685.1813503883
2598,451608.2544706459
2599,451314.91202089953
2600,627274.8549961757
2601,352751.1657687969
2602,560309.55392519
2603,329350.6687185076
2604,354641.9192208354
2605,747901.9639023106
2606,769083.2330280754
2607,384608.4490760043
2608,467728.70673065307
2609,357093.2741618006
2610,294952.7841100006
2611,517878.176250612
2612,566108.0818184394
2613,395303.13672892435
2614,401507.7206019918
2615,419091.49358882394
2616,379855.2627965154
2617,964971.6221717775
2618,600763.1234195335
2619,347387.7265023052
2620,367371.0323014467
2621,580277.9637404784
2622,465507.8199846788
2623,492128.2423082838
2624,287861.03918764385
2625,439813.09293767484
2626,750862.433201988
2627,644166.5717603274
2628,395704.63934252923
2629,337944.7288108012
2630,570763.8902868965
2631,349863.81021185615
2632,330184.8062881729
2633,307500.39135704155
2634,379819.21536142903
2635,319999.8769300705
2636,550180.1036087885
2637,274714.08057379746
2638,1206951.5591419311
2639,320012.8466814655
2640,396488.1722697251
2641,417575.9092919676
2642,673041.9707846404
2643,279317.668747647
2644,532368.3351499408
2645,358440.61448660196
2646,371026.73701913864
2647,538428.8898288218
2648,464783.7043142317
2649,279007.47311076365
2650,642094.3607973293
2651,562435.288481835
2652,441038.32459585706
2653,344430.8094229052
2654,540280.3979293404
2655,568789.00326125
2656,750862.0769024998
2657,475237.6748478557
2658,799356.1494563224
2659,328616.2550461117
2660,765831.8192007283
2661,501896.2352148302
2662,393426.17621495883
2663,299332.0163206678
2664,629679.6956623024
2665,694501.7674625609
2666,805667.5674130224
2667,389186.0202439737
2668,495592.2188928326
2669,741875.9741355706
2670,283609.609791748
2671,915997.2088478399
2672,403028.0960689071
2673,730626.1088455939
2674,546924.4722076021
2675,269342.0312131699
2676,421291.5962170495
2677,577276.3434482218
2678,523936.2663507977
2679,365718.1665698227
2680,566108.0867748355
2681,443603.07068055525
2682,754449.220953875
2683,644612.3579069849
2684,434230.9772338024
2685,294938.9850520406
2686,316267.26640994754
2687,844512.7258974593
2688,340412.4495089074
2689,525721.7357450813
2690,539061.1865801907
2691,747318.7599609984
2692,308687.96417620557
2693,329905.6498451261
2694,589103.7066610634
2695,365566.8061428773
2696,603205.4084796446
2697,1163928.5138596522
2698,607867.5206702679
2699,551222.270006811
2700,396524.17518050206
2701,275964.7174867358
2702,371334.6444857025
2703,305073.58781947294
2704,306660.7096314927
2705,490479.13418015937
2706,313783.5524112562
2707,364237.94688808307
2708,254994.98880649876
2709,505780.6881679545
2710,318751.2226850782
2711,330141.6428959505
2712,274688.1111285108
2713,352858.78832998103
2714,694381.7466539593
2715,1233152.1076214102
2716,362388.6824821952
2717,494131.7106461674
2718,369845.95658128185
2719,371341.2544307242
2720,1562453.0309389844
2721,284279.02175915387
2722,322511.9000400022
2723,224305.79744375226
2724,706115.9312962191
2725,290000.8617888376
2726,642393.7785860186
2727,210740.70215240962
2728,273805.8811496175
2729,1100945.9430301387
2730,480784.2387813195
2731,348758.2510069183
2732,349838.67338734615
2733,305700.5122870587
2734,383120.89302671095
2735,895401.7047244672
2736,266447.2963309468
2737,714044.5150735076
2738,941400.2283531299
2739,310138.38784411515
2740,498309.70533787383
2741,398065.3875715723
2742,730973.0014604317
2743,694444.3131948326
2744,545843.8634124128
2745,334094.8514707578
2746,343060.4065946289
2747,795607.5530942928
2748,279955.4496565309
2749,677786.3226436444
2750,475246.6596307745
2751,372775.3732465161
2752,739200.3629921128
2753,378348.74468755117
2754,535107.6696876935
2755,407711.7173008454
2756,513809.7989262283
2757,559942.6520779778
2758,691781.1154110535
2759,786716.6554614699
2760,675980.2302530847
2761,363140.52478092146
2762,360057.8592683354
2763,415879.4797175243
2764,415879.4797175243
2765,462561.1765590412
2766,323542.79519750614
2767,310332.01925308333
2768,279007.5509711818
2769,347439.2698241573
2770,541147.674122523
2771,488313.61489022593
2772,326102.920867206
2773,377424.1762417587
2774,452945.9935601479
2775,336446.070560392
2776,570537.5757473527
2777,1059211.7733317323
2778,359891.83087153535
2779,1218962.057160986
2780,335145.4378952418
2781,705659.5454560342
2782,894687.8030952307
2783,349337.3193896045
2784,612734.928638709
2785,557500.6779526848
2786,468242.8252627307
2787,610252.8332147095
2788,494587.583246534
2789,482614.94233924604
2790,584590.3638222669
2791,371312.22886342
2792,343093.1458404529
2793,456845.0656816075
2794,850458.2626834508
2795,1014852.6509256827
2796,358181.7874381021
2797,753912.9312641086
2798,332489.6785050278
2799,630004.060106413
2800,639684.7494091835
2801,524187.20751237497
2802,1209287.3867788617
2803,226057.58857407936
2804,665125.4218350758
2805,268512.42792365886
2806,739194.4950815494
2807,332805.1099442152
2808,805687.1058975512
2809,294697.3494256203
2810,380769.64616197883
2811,719154.5354593629
2812,650280.6282314132
2813,703908.6939785443
2814,786355.5050887581
2815,405934.1579337131
2816,384295.0600055
2817,462814.4242083796
2818,724921.837439369
2819,285678.78953065956
2820,307500.39135704155
2821,399625.9737550685
2822,361265.1038516244
2823,303174.5045470381
2824,605525.842747483
2825,562140.52339487
2826,331198.20670333813
2827,698755.1389264173
2828,260835.947888297
2829,378338.26545896655
2830,417220.36398309027
2831,626700.9879330464
2832,467681.5249031216
2833,537244.4954867825
2834,312572.9873829677
2835,884291.7049615893
2836,824922.2460981669
2837,434231.5835997387
2838,354030.08539419796
2839,534216.055093003
2840,329064.5566635393
2841,702545.2106749392
2842,321273.13558052416
2843,564111.955621039
2844,332768.82447700953
2845,345479.8608155374
2846,1453592.4422406796
2847,472854.09094212885
2848,456903.8028082282
2849,308881.24790769845
2850,639684.892163703
2851,649883.9471281029
2852,580053.9176869941
2853,662479.9112898707
2854,808154.834976981
2855,514055.8145610918
2856,383100.06283984275
2857,341728.35285129875
2858,694409.6422188652
2859,328636.3868042206
2860,291114.23650521185
2861,356081.92579702433
2862,1511323.4621248122
2863,471646.7461807508
2864,1063608.1717544456
2865,369588.0023499386
2866,478446.2174961527
2867,768066.0070661736
2868,236912.3776874008
2869,480852.6132728352
2870,236907.15180115937
2871,979725.3987992579
2872,434223.0447628061
2873,450021.410653381
2874,364109.3638184802
2875,702626.0397797019
2876,881651.972688225
2877,432513.8215271486
2878,876366.8703459764
2879,549190.66877983
2880,745252.5461203305
2881,503778.9027402592
2882,604159.7948698127
2883,464575.57981815026
2884,1003109.759733254
2885,498275.3883940621
2886,393468.08675450104
2887,357484.37507676746
2888,652365.5011302931
2889,513335.3920485183
2890,629955.0477919917
2891,629955.0477919917
2892,429323.50615500973
2893,338473.741081582
2894,948772.1803620883
2895,600846.983491838
2896,490172.7832623988
2897,295912.049905338
2898,344724.0188954624
2899,891972.5929320753
2900,310139.7442658766
2901,705676.8464337147
2902,423793.7138004874
2903,610300.6617028675
2904,479270.6342434423
2905,584562.4903361412
2906,694397.4011670309
2907,856995.4539795477
2908,793227.7600352853
2909,562435.3080973988
2910,455158.3893346099
2911,368412.2167567759
2912,420133.6776984612
2913,835162.2742573225
2914,691096.2112196529
2915,716553.8439315743
2916,724697.3613962036
2917,500631.05415264645
2918,455398.4714318988
2919,311133.14312953124
2920,624753.565079368
2921,412613.76030777796
2922,388787.5337831804
2923,345777.5884767067
2924,634597.0370000234
2925,562237.4344094371
2926,801944.8078112834
2927,393962.90441080043
2928,476963.0326624082
2929,353988.2527819211
2930,262275.61254418315
2931,320037.1755881748
2932,355699.5541790892
2933,634904.7714886086
2934,1079587.9075426564
2935,843751.1977854959
2936,503829.2062152163
2937,355370.236501926
2938,566602.379128068
2939,509346.4732754035
2940,363816.42771462735
2941,339383.0306930124
2942,590980.567759276
2943,1409757.8990844532
2944,549050.5169023387
2945,363826.9459457954
2946,667828.8171052643
2947,696551.978289191
2948,607955.651360074
2949,983686.1078526542
2950,287952.1949700205
2951,528080.29302773
2952,546507.5269252182
2953,399163.5809148448
2954,667208.4595999634
2955,586838.4076835397
2956,336454.5850888263
2957,1233125.756971813
2958,505396.6014040688
2959,383099.7818317637
2960,491692.9379076462
2961,964975.1528302586
2962,753199.9381169449
2963,354275.7201637984
2964,321437.0880622391
2965,543116.4018409525
2966,326055.49254291586
2967,827363.2727417955
2968,515824.0636293938
2969,288980.460805402
2970,393744.3607982438
2971,750861.8439157576
2972,686511.5151206013
2973,524281.69757859415
2974,686394.8478108313
2975,564614.3551121632
2976,337759.5345612043
2977,1345138.9466028558
2978,448723.7984031508
2979,384868.30246788985
2980,530139.662800106
2981,464313.00645580515
2982,425831.80069079
2983,252986.2106616284
2984,367375.2100617447
2985,987496.7485940645
2986,266187.8386827075
2987,319755.37607887824
2988,736317.7737705475
2989,377422.83349633875
2990,736450.6585834518
2991,602752.0632219205
2992,352751.02049817494
2993,520069.1939434853
2994,377596.8890944933
2995,497970.74489594385
2996,387845.2372026996
2997,391108.44671033334
2998,578353.0291142621
2999,306713.9771849007
3000,916675.51615689
3001,338367.43199207715
3002,418838.2188405441
3003,252003.65448652863
3004,353464.36998940294
3005,1278346.8603994579
3006,1777799.5342237803
3007,310362.32894026587
3008,389327.00081546145
3009,317490.28415500704
3010,298277.70170941023
3011,709994.1821457755
3012,622392.2499544614
3013,540814.2393999753
3014,291274.8574020054
3015,733428.4387262277
3016,368423.6641828802
3017,378337.27638067765
3018,325080.83686680166
3019,830582.9377523129
3020,468535.24077342777
3021,354257.84567460074
3022,333828.5896844766
3023,286964.4560362392
3024,327884.14618957887
3025,625074.8196647599
3026,489820.98904298263
3027,482629.9226875334
3028,458725.2065724253
3029,436124.56117576855
3030,338274.8351964829
3031,296247.224831551
3032,1093204.5835165135
3033,393468.0281590583
3034,387836.6562169455
3035,1100830.0702822276
3036,1719667.213096039
3037,522304.615127097
3038,475721.8823438392
3039,403225.19145094394
3040,580449.353546514
3041,634830.2287820372
3042,355698.79924073856
3043,468248.2746692473
3044,367366.5451224149
3045,271464.0480628912
3046,451699.51404418057
3047,315026.5422008909
3048,269541.29372202413
3049,468877.7577035837
3050,982773.6756792363
3051,762819.1551262378
3052,1042178.1285747406
3053,629128.8727479683
3054,715850.6426567488
3055,934796.0948226445
3056,414589.9596715169
3057,306276.8855023719
3058,370053.1768360183
3059,796407.314238658
3060,654864.4093567416
3061,296852.8403079486
3062,372447.90930140996
3063,419402.1518613514
3064,502089.4600320766
3065,768880.1431463712
3066,276115.90521876444
3067,657374.7360353667
3068,511758.4879143108
3069,427447.1688947093
3070,311532.5255836089
3071,362665.0477207779
3072,548672.0295726242
3073,713718.6623861579
3074,340672.4929228539
3075,468246.00145032106
3076,517781.1257084341
3077,317264.0958333709
3078,657440.7956267358
3079,792512.7227398739
3080,747451.6380816522
3081,741620.5226140809
3082,236907.15180115937
3083,657478.4888295397
3084,411082.3522833274
3085,719029.2394272742
3086,756904.160914778
3087,589184.7597411437
3088,857708.6353650728
3089,459135.8673072431
3090,356790.270263836
3091,1105246.8165227848
3092,344724.3496029768
3093,345764.34393294755
3094,250130.46375594044
3095,370053.2849623813
3096,301233.8942528632
3097,369590.7849622099
3098,265159.95390004956
3099,331197.7796288973
3100,302104.9014494581
3101,662518.1556529521
3102,549042.1862140007
3103,501113.5839050652
3104,339382.76609538024
3105,207480.7365358546
3106,978944.8396233502
3107,553453.8542861021
3108,467333.317626746
3109,672698.308426024
3110,237825.8231072423
3111,393962.8319351703
3112,534303.7680540577
3113,281411.44259373867
3114,668989.6801703317
3115,406075.33217419765
3116,471542.18135312386
3117,987421.3999539703
3118,352630.89492950257
3119,369571.0714383867
3120,236896.92099615064
3121,580409.8922029831
3122,407577.51001018
3123,316275.9445148535
3124,607876.9373954613
3125,368440.245000165
3126,318274.4996512381
3127,591471.7809006367
3128,938231.6836979112
3129,396873.90960061585
3130,402788.63861541066
3131,942869.8220540016
3132,774768.7617854256
3133,391108.44671033334
3134,443266.9332897367
3135,1228702.265468725
3136,798756.3957764687
3137,384859.63489951787
3138,727143.0244435071
3139,505831.1617814507
3140,654824.2115091583
3141,436124.29517408536
3142,318700.95806713885
3143,363818.72678048967
3144,1039176.0829444445
3145,606899.4362773247
3146,562155.5607045646
3147,317544.15038099635
3148,694443.3157672865
3149,538438.786415067
3150,320000.3083669953
3151,2665355.170690767
3152,361266.26940084144
3153,331511.5480972664
3154,501529.29185176437
3155,359988.7868605016
3156,339732.2477109273
3157,289045.4595636634
3158,345761.1936001076
3159,300537.07376564917
3160,549171.4005849985
3161,659922.6749602556
3162,2506955.7023703777
3163,557265.3087548978
3164,318784.7275074729
3165,722149.1195351705
3166,305493.3665185951
3167,579951.0436911937
3168,1196218.7664595735
3169,322591.4827768984
3170,1590197.9310801355
3171,525936.3795554806
3172,257988.91072522002
3173,566508.733446612
3174,673527.0428668081
3175,694434.9189108694
3176,615071.8223682129
3177,581863.7720308852
3178,881700.5249025095
3179,311133.16380818456
3180,299362.5683614523
3181,2354632.713450901
3182,711965.8194784953
3183,542273.3631784206
3184,334111.6655416716
3185,369570.5613706265
3186,332805.4326803031
3187,313835.57210375025
3188,321273.09400804614
3189,231401.57817203732
3190,312611.97032661183
3191,603485.3573514668
3192,361265.2987946236
3193,369537.0733334842
3194,818491.9651976044
3195,401514.545151617
3196,505803.7468278481
3197,478432.5131917549
3198,1072215.605448844
3199,960855.04949145
3200,281399.5776792935
3201,719333.9722494035
3202,350173.8624847225
3203,688406.4821276973
3204,513993.6709795078
3205,266188.3686915978
3206,573215.4926881234
3207,351489.2775977893
3208,347144.5716286203
3209,957737.8300106035
3210,713644.1711475726
3211,730118.8219703637
3212,573299.9727791161
3213,299362.5683614523
3214,451030.63835323486
3215,366704.0064195101
3216,283665.0233207596
3217,365377.28034238785
3218,326047.55775308446
3219,527602.0145218441
3220,335410.8592480182
3221,369845.95658128185
3222,409553.2876993116
3223,392175.79129002226
3224,288833.80207234423
3225,691645.0657163417
3226,323550.1807354352
3227,365567.31080396264
3228,824233.2057076076
3229,305353.47624208004
3230,884272.3528614298
3231,328650.80086476024
3232,580089.272429864
3233,347397.0249813516
3234,350123.58501767094
3235,687847.7862004798
3236,349880.12792980997
3237,938457.2688365751
3238,296861.7302443284
3239,417520.9673695068
3240,745130.6277915254
3241,375383.7357998908
3242,364311.1569514931
3243,321369.98136990296
3244,834637.9886428034
3245,1127088.8172064384
3246,285619.1281215609
3247,306661.60904905567
3248,385800.2678551469
3249,338471.29113086686
3250,326066.99422678567
3251,349863.81021185615
3252,739227.2502538675
3253,313783.5984389461
3254,308949.31153789914
3255,312347.9570497669
3256,323814.69787626574
3257,336641.19263963436
3258,513886.03888837714
3259,774540.9507011574
3260,304131.73686949373
3261,328640.16147408326
3262,445899.4569151085
3263,498183.359865761
3264,337768.94255907164
3265,530266.1203712269
3266,318785.3410310677
3267,322518.74114078225
3268,566575.3174382115
3269,326272.0555603613
3270,774882.2194673779
3271,583345.848122513
3272,324011.0551291863
3273,1889102.6506167476
3274,469197.826726657
3275,348483.7770926041
3276,326309.5778254383
3277,361308.027320507
3278,323542.79519750614
3279,885112.6580546515
3280,323564.8022182409
3281,326066.61641789717
3282,455122.82154960954
3283,388145.54744136706
3284,255220.24683038794
3285,351773.27419474896
3286,411044.9630679805
3287,577308.8312799352
3288,2270469.818326232
3289,296247.3621639561
3290,269561.6539706759
3291,296100.50701642834
3292,277265.18009823124
3293,563896.185165508
3294,464574.70965920395
3295,697165.3247361481
3296,378356.3442490943
3297,548659.8519054834
3298,280323.13814700465
3299,464390.6321876908
3300,750896.1093864967
3301,314070.36487134575
3302,987447.0225779251
3303,934162.1337876908
3304,357046.1831855709
3305,447991.51983772387
3306,624772.7657275053
3307,316037.95738271496
3308,536845.4832689016
3309,328927.08564692485
3310,488369.56049558154
3311,395361.3052980579
3312,711219.5500605351
3313,324988.3194378115
3314,308685.2483874919
3315,465996.0344962884
3316,421039.97877285915
3317,1229009.6527349465
3318,681007.2309382058
3319,795803.4882349056
3320,320199.0652864965
3321,419173.6293168242
3322,254973.671379196
3323,254973.671379196
3324,307937.02350061334
3325,520855.82629254524
3326,479564.49486926675
3327,357483.6876181201
3328,314785.73327138665
3329,864584.3210017702
3330,828062.8079415449
3331,331511.5480972664
3332,536406.7322016329
3333,1084610.6333517157
3334,480342.7203587769
3335,888584.0993209752
3336,332489.67715972936
3337,455076.9925012705
3338,323250.18139086413
3339,356776.5655179975
3340,306658.89219874056
3341,447990.44242922956
3342,355403.3645216195
3343,497548.3269852654
3344,341723.277034089
3345,777771.0543747561
3346,411761.0197339764
3347,252010.73853445068
3348,318274.51431849494
3349,545060.4627927431
3350,799505.3423238944
3351,494303.2839834109
3352,338058.19254101656
3353,711182.6053602195
3354,698755.1389264173
3355,546923.4827334773
3356,901908.0894182127
3357,374196.1655226109
3358,666792.108993023
3359,287944.1060239368
3360,356791.9068350162
3361,790114.9389265215
3362,573282.6756474074
3363,300796.9133605149
3364,332796.5510729242
3365,699858.9370191843
3366,584622.861585838
3367,393736.997111173
3368,710990.3073531744
3369,492363.77258409536
3370,299363.0502923489
3371,837931.8018824802
3372,427442.58829025604
3373,415816.56863211206
3374,1881592.0514664531
3375,266526.267462418
3376,615040.1781858174
3377,401788.1046160678
3378,339069.53869234305
3379,556078.6611063591
3380,556078.6611063591
3381,284726.519912651
3382,581393.9798778425
3383,347164.3012962987
3384,1054466.2439523265
3385,501892.4395768137
3386,945099.3352612539
3387,365381.66939717944
3388,321437.0880622391
3389,710372.9847536474
3390,334355.12940719223
3391,665139.6237217053
3392,811966.9674166269
3393,568805.9486762797
3394,768279.5294543849
3395,1018932.3369913547
3396,329432.0755921166
3397,335638.32358324167
3398,351570.5455506729
3399,302103.76840639504
3400,395622.4341835807
3401,296861.6811723387
3402,364083.55006435927
3403,356775.9606374423
3404,456480.44606586493
3405,805772.9519619686
3406,452944.62288671423
3407,378605.4854455508
3408,544812.5826697933
3409,410283.3579918817
3410,551590.8930000745
3411,316282.1270089621
3412,409948.37069621246
3413,833836.3051215463
3414,476958.55369124835
3415,282346.53429081384
3416,265379.22864388954
3417,441310.8091410396
3418,380769.1644464134
3419,409717.02453303
3420,460713.10457324836
3421,359566.8974228559
3422,657446.2021941995
3423,445881.77870554005
3424,451630.727388798
3425,371026.73701913864
3426,409885.49095596204
3427,286972.39860324556
3428,365235.941265629
3429,544364.3613259604
3430,300762.1553186467
3431,564366.9785215633
3432,738620.4441717184
3433,336710.8332037111
3434,412346.97125600325
3435,332489.6785050278
3436,774523.8420211144
3437,400076.4051891118
3438,444753.83590104134
3439,870522.5812349439
3440,602714.5854188537
3441,280101.5579628471
3442,834168.5171417877
3443,497972.63776393316
3444,367022.6536631082
3445,297014.02257939836
3446,317548.30285842094
3447,395437.7462949597
3448,1233137.8979096753
3449,423772.4596396513
3450,347121.03669671767
3451,414307.14475103165
3452,326088.15869613836
3453,303490.3416043148
3454,282338.6855592852
3455,662514.0511400907
3456,520855.44411690306
3457,261674.5412750301
3458,519832.5015444406
3459,275986.0669008894
3460,284511.8124043411
3461,877397.6174445377
3462,353465.4382872056
3463,553464.86742541
3464,702863.6031127978
3465,741559.6365333146
3466,262278.71380568895
3467,490328.8459538663
3468,510012.38452403736
3469,378210.48161706567
3470,1140956.1206139578
3471,605580.3751006804
3472,1135938.0186341454
3473,670398.8606914388
3474,426090.621854211
3475,1257479.5746993208
3476,577264.5549134966
3477,1079504.0259596866
3478,645303.6228695809
3479,600383.1626509936
3480,627262.33079922
3481,358188.86749661126
3482,336731.85383707326
3483,330386.61931740533
3484,488365.38101236155
3485,763078.5793604419
3486,639105.7636985224
3487,278112.97898005496
3488,461885.9205657141
3489,273837.50468829175
3490,273837.50468829175
3491,223429.91521742195
3492,581785.2744895848
3493,571191.9526752931
3494,507838.10843374254
3495,542676.7472145164
3496,316016.15889622463
3497,580465.9671505702
3498,411044.9934090912
3499,608370.1943252055
3500,551015.9584856651
3501,675599.383510514
3502,347131.8703099573
3503,430475.87235402904
3504,540627.7012408711
3505,285476.1773962531
3506,311396.27088287595
3507,327334.0161422666
3508,401501.703718064
3509,341761.27622593835
3510,371322.0061403271
3511,482676.3320452889
3512,563981.204478286
3513,521948.5187984311
3514,605386.6907253771
3515,300790.2058051044
3516,474282.4133808975
3517,307909.5653663644
3518,403060.328808021
3519,847053.9473451424
3520,453549.8878060139
3521,349068.21946249536
3522,492363.5069800713
3523,680462.0050200736
3524,390881.3671875398
3525,552971.4503100287
3526,708086.7000978473
3527,306548.5600827872
3528,759157.8473372577
3529,294920.3321740617
3530,318753.67721318215
3531,619441.2042731764
3532,683115.8963099528
3533,912375.1093635637
3534,786937.5260971639
3535,502089.4600320766
3536,768131.5121577276
3537,513532.1629653037
3538,651676.7095824695
3539,710248.1383503422
3540,1889106.9530569273
3541,362665.04963931
3542,385827.28653966845
3543,479474.3752642042
3544,392424.4758729367
3545,519419.57527641975
3546,573229.5293771246
3547,544395.6508512767
3548,2183431.5542218755
3549,322519.23433697486
3550,789474.9478138215
3551,1079730.014460066
3552,317264.0495793396
3553,808899.6948974767
3554,390703.45219927724
3555,304166.6772166526
3556,320037.111846165
3557,581878.7819643522
3558,411399.5819274942
3559,478855.1101322192
3560,588853.8570435388
3561,520910.4169812212
3562,874054.8221991889
3563,227805.8347126225
3564,442453.3706602027
3565,326066.99422678567
3566,530146.533166617
3567,507849.06336678384
3568,344417.44393747376
3569,304165.82694941777
3570,302738.8804295776
3571,542739.2921535411
3572,379817.39081796975
3573,417520.9673695068
3574,774730.4986046902
3575,741531.2955699535
3576,542666.7081927686
3577,330231.68817705166
3578,387450.4461335533
3579,371322.9784168543
3580,358650.9486179773
3581,435558.05756652314
3582,1177236.9973521705
3583,600234.9535706753
3584,980397.0265808959
3585,582341.4143499393
3586,372195.48344247235
3587,591581.5759997618
3588,338575.85366056766
3589,393744.55857324926
3590,355699.5732371316
3591,449422.4048577042
3592,736482.825245715
3593,320012.89083451073
3594,499216.49753050855
3595,368412.3556589101
3596,607971.9356674027
3597,462566.72528629063
3598,315072.1882607225
3599,409451.3846879286
3600,610336.7580023861
3601,345788.5552332507
3602,1603867.5906179724
3603,320037.1971017471
3604,546981.1575328662
3605,670419.8019977821
3606,302103.83298691706
3607,1018840.2021342065
3608,787046.7215379984
3609,308881.22096748924
3610,311391.60707736516
3611,451680.36530871864
3612,825199.5236140924
3613,360068.6227211305
3614,379836.8153807502
3615,580466.8859955749
3616,365280.0787585115
3617,268512.2054066322
3618,380369.6259251745
3619,530097.9410102734
3620,408088.15678161127
3621,370419.1920946819
3622,469795.1755246831
3623,292417.00104591553
3624,347143.8037633479
3625,382866.4900097508
3626,308707.95191765355
3627,336979.53756007756
3628,299442.1925838682
3629,508967.16655763524
3630,1140340.9128832063
3631,860356.9665177945
3632,328650.80086476024
3633,2004213.3315803513
3634,326681.10569569864
3635,329432.0755921166
3636,368128.86642222153
3637,753920.0096256279
3638,485051.4770981442
3639,379862.0049729869
3640,366954.74784203625
3641,286753.1614768941
3642,321616.139873032
3643,808287.3830769156
3644,780898.1197653306
3645,383120.89302671095
3646,498193.31415564514
3647,339343.015443858
3648,316030.9583457017
3649,507752.82051640353
3650,967526.7400906474
3651,318787.72285774763
3652,361266.2046641603
3653,340904.1879392799
3654,774169.1158508167
3655,619955.1483880425
3656,415037.89852395054
3657,313801.37567102263
3658,526218.0110944121
3659,403099.42347827187
3660,310125.2554640525
3661,372752.7930868683
3662,335114.78673156915
3663,678817.8382042331
3664,379813.3904787465
3665,362705.8465488944
3666,619925.8310606816
3667,534536.7481963586
3668,398373.53480444744
3669,538330.1067372293
3670,326356.04255814536
3671,335638.65303796675
3672,218191.254310666
3673,305068.79827840463
3674,580465.4276482064
3675,299363.5606042585
3676,986825.7479486534
3677,759226.7784194949
3678,327779.6495806567
3679,225375.59637628167
3680,321293.17315328546
3681,490205.2390300018
3682,460701.5641630585
3683,1233172.5743969767
3684,578229.4715651085
3685,805635.7458336037
3686,363800.90061395377
3687,332974.41342261236
3688,320197.68735106365
3689,352623.24681633734
3690,361287.1608826863
3691,909519.9957423385
3692,1158382.9786244945
3693,427449.8841422128
3694,498753.5488964321
3695,387966.7561900618
3696,285678.78953065956
3697,606773.0196388876
3698,697090.4214840275
3699,641633.3432447572
3700,323550.145447625
3701,449408.98167465156
3702,515806.711287297
3703,637168.5382787351
3704,346087.6621694464
3705,369571.0714383867
3706,1760581.2272521618
3707,680965.8532891907
3708,534216.1783929474
3709,434223.0506670769
3710,443265.52498599695
3711,649200.293918153
3712,355661.881988856
3713,327356.9853794286
3714,393962.8319351703
3715,492363.91580563714
3716,303490.5740695543
3717,345768.4226206341
3718,384608.54936253565
3719,784000.3755666374
3720,467333.317626746
3721,647168.3720437697
3722,612936.1609847947
3723,768779.4320922178
3724,327977.99466675805
3725,268512.42792365886
3726,299362.43879447045
3727,354022.32222266984
3728,403310.9259599262
3729,331198.7327634421
3730,356760.7188846659
3731,351402.28062915837
3732,488312.8047970458
3733,254189.3009633735
3734,1178961.0922611947
3735,374257.63189042435
3736,591796.9426341911
3737,358705.3807278149
3738,288999.507922414
3739,451628.07160297944
3740,745096.7932929866
3741,353151.88023450825
3742,435558.42237030267
3743,1059663.2597720393
3744,563880.791459621
3745,644426.8767719801
3746,509754.59731979645
3747,391109.437054899
3748,232303.38233346716
3749,481209.60243682505
3750,1483315.804324684
3751,502027.7598110923
3752,372629.0650290619
3753,209107.25563556986
3754,305071.4635069929
3755,605842.3475788713
3756,352613.92658943497
3757,294953.24177163775
3758,536585.7429328169
3759,929866.0348266206
3760,3053319.2856174633
3761,348486.54690075334
3762,688956.8335356829
3763,580005.4117741062
3764,958295.0536347765
3765,751472.8676633212
3766,321620.23948418564
3767,902597.8098081573
3768,306483.85445362004
3769,707475.543338481
3770,719576.8325808941
3771,306713.793744771
3772,605562.8562888729
3773,544818.7325801203
3774,751022.1024055922
3775,239703.96482128935
3776,657485.9517906887
3777,288129.2663834895
3778,553175.4028375131
3779,547222.3777001287
3780,282296.0592324431
3781,439351.20284396777
3782,750652.8463029208
3783,612673.3670013264
3784,354309.7704008205
3785,393473.97524702636
3786,490021.5594722475
3787,436367.92309861234
3788,441283.47385541024
3789,267486.6181005578
3790,371257.95466786966
3791,568340.5778484241
3792,825093.274941506
3793,486758.62146458443
3794,523536.3490171368
3795,582282.8983264208
3796,371507.27025279624
3797,259375.11729915088
3798,742122.0872879787
3799,526528.2878593988
3800,691871.7920178436
3801,632204.8343436552
3802,327978.74166433694
3803,342425.4711529379
3804,437292.183952199
3805,358611.26075618784
3806,662903.0844909353
3807,768838.0983704684
3808,384308.5165557369
3809,338255.29108438466
3810,507814.1399260636
3811,312346.73342494917
3812,851367.6581084676
3813,775472.2349275352
3814,456517.46322078607
3815,867829.7347354265
3816,267248.64176602464
3817,469699.1488685987
3818,355669.6742743896
3819,280101.5579628471
3820,308697.0176377431
3821,573253.9231040335
3822,374217.9463284379
3823,349863.821854893
3824,841137.2301190157
3825,417743.32514163724
3826,354296.1115590789
3827,397037.2906471894
3828,573215.7494036306
3829,654769.2135447307
3830,913607.2803433919
3831,516000.83383404894
3832,690769.7909341522
3833,589413.067576356
3834,302163.89426504745
3835,612195.4949642413
3836,321273.11470000754
3837,266192.28516604134
3838,612685.1876027446
3839,338022.3361415448
3840,719461.0489622271
3841,637176.0134533007
3842,438292.5622013513
3843,509356.0458073776
3844,498639.66591577407
3845,280343.0065671623
3846,425863.0915546769
3847,268512.42792365886
3848,608229.3822891708
3849,269663.154083647
3850,305700.5122870587
3851,1131439.9332690097
3852,372752.31961483497
3853,771108.909333043
3854,786956.294251086
3855,771875.8643819676
3856,622390.7302377484
3857,627211.4034212586
3858,1135910.8295662664
3859,1003179.8139386617
3860,884968.8088819633
3861,234147.82529469748
3862,369571.74826956436
3863,607942.8654739405
3864,774747.5429757744
3865,492796.33210738015
3866,295864.30047785107
3867,449786.5667834272
3868,727805.7297984126
3869,383041.224697338
3870,365594.23721808265
3871,556078.571033902
3872,784051.8980623704
3873,895054.5214683348
3874,411726.0895627148
3875,467354.0879097091
3876,983553.2060450088
3877,287261.95646365755
3878,413841.9574979176
3879,753962.1811214893
3880,418297.159532434
3881,656853.5496188286
3882,549169.5645043855
3883,534216.1783929474
3884,549099.7272513187
3885,733557.3911748842
3886,346088.5264481598
3887,425833.0437429565
3888,659972.0839731902
3889,634633.3195136664
3890,371510.53724065184
3891,619964.9468903373
3892,365378.8713939423
3893,322726.7130957833
3894,332520.17844618816
3895,367381.6359228378
3896,738646.7158411049
3897,286759.518409503
3898,469197.826726657
3899,406231.7156994583
3900,640338.5821407984
3901,328651.7759585421
3902,632207.6429397893
3903,372467.05862776795
3904,496205.5813067173
3905,382835.3954278509
3906,629144.1565723096
3907,389386.1947981932
3908,470980.7283197928
3909,344724.45643143094
3910,344712.7741293449
3911,853634.6822108778
3912,538466.3474772894
3913,314794.9915087071
3914,627190.4095653272
3915,380107.5346676788
3916,726317.2797513034
3917,733444.8234114255
3918,1076328.4678609907
3919,381880.179495845
3920,327344.00091974187
3921,330556.58220148494
3922,329919.4619090612
3923,435558.05756652314
3924,675580.5223720393
3925,367376.3725278122
3926,264140.87463836034
3927,403372.6311122503
3928,365231.88771434966
3929,654808.1193644496
3930,329902.96349791024
3931,314071.2928618453
3932,280296.31302273547
3933,528266.7658832971
3934,323812.8316651399
3935,469197.826726657
3936,309893.04803120106
3937,1038365.3971419353
3938,330542.43852214824
3939,597222.758205153
3940,324010.37291294406
3941,583809.4280260594
3942,339732.64566300716
3943,711965.0397120989
3944,557715.1127590544
3945,713698.7469087099
3946,290372.6349805376
3947,765685.144181025
3948,360269.1865543742
3949,421291.151805445
3950,291321.4476560688
3951,346835.17643432616
3952,403539.29934383056
3953,814500.9444633451
3954,580467.8148781362
3955,545259.9116360323
3956,608372.6923370969
3957,348496.6592181276
3958,467696.21403728635
3959,480705.89874529984
3960,492271.38522648567
3961,629192.3526843492
3962,356244.6477953049
3963,389191.6678443337
3964,769082.8246023166
3965,728319.8539261088
3966,329432.9677636355
3967,573254.0239194519
3968,1640871.4375149524
3969,650126.2669756366
3970,677782.2419665266
3971,804990.8403106165
3972,373964.0697976212
3973,570155.0700889515
3974,465906.9137536344
3975,478447.6607816383
3976,602864.0111777274
3977,497568.0133032605
3978,488369.3830427252
3979,442677.0595641447
3980,361271.9432212334
3981,345782.2579523329
3982,339557.85756365285
3983,662007.4067549568
3984,384598.78045266104
3985,480317.27713253145
3986,418800.73163192486
3987,290216.19371122576
3988,451031.9886936847
3989,300581.5949654581
3990,362655.16842326534
3991,360978.01924732234
3992,519895.5014872844
3993,1022978.270354723
3994,386148.4213872772
3995,298270.4204613842
3996,411760.82468914194
3997,591045.8799039206
3998,530150.6701462187
3999,427761.31792526675
4000,555242.5523314254
4001,439806.5455388494
4002,299623.9936922727
4003,316461.00960164453
4004,654770.8652215202
4005,321927.53883263207
4006,494026.5950657042
4007,532354.285550926
4008,464390.4628151951
4009,288084.2161385048
4010,271486.29276893317
4011,696684.8036959646
4012,494581.49474961153
4013,268549.3674732166
4014,417518.7729963026
4015,323542.79519750614
4016,347635.8324815972
4017,280101.2084474615
4018,344723.0674700882
4019,369846.0104873104
4020,1392131.7490650748
4021,326104.9110725988
4022,519876.4360790355
4023,566109.3456082717
4024,690365.9916045448
4025,328831.30194530444
4026,913141.365767934
4027,389186.0857163848
4028,747733.4158826688
4029,482211.49542436504
4030,659731.787121552
4031,1223522.198824822
4032,840533.8737003115
4033,780327.3027475303
4034,418020.42729998595
4035,652495.6410421254
4036,212329.1745086625
4037,616990.0519417765
4038,662518.7062369691
4039,342050.48591895483
4040,591488.4345861425
4041,543514.5527541793
4042,183804.36225537624
4043,1781361.0382584701
4044,282301.55303880817
4045,242923.1744592077
4046,754247.6662091572
4047,317544.15038099635
4048,271688.47743036994
4049,355374.5352522396
4050,374482.01444296696
4051,699858.8075520055
4052,642175.848177932
4053,473290.30665147875
4054,2896071.778004489
4055,551303.8826417081
4056,621852.9025154395
4057,379817.3381265154
4058,580472.1360362151
4059,398064.51711897284
4060,624777.4674503473
4061,303189.5575069122
4062,347136.0101061436
4063,519858.64714060735
4064,733545.0268606188
4065,815296.1750973741
4066,418019.43133610924
4067,636675.4639671885
4068,536451.6650547625
4069,708067.7890854732
4070,277082.8775498828
4071,867763.2178819547
4072,307941.8293601201
4073,523671.69147653005
4074,336710.8332037111
4075,301951.19537276676
4076,297019.3569055492
4077,694374.0306817595
4078,1067818.3521303826
4079,564361.6250707627
4080,283659.83796070743
4081,364933.79898731696
4082,1122777.4757053296
4083,512594.7112052413
4084,724355.3173234919
4085,1058733.3508829009
4086,287862.7336362488
4087,318499.1431441423
4088,367370.98548607185
4089,393739.42075266375
4090,549193.9128913451
4091,268368.8324420275
4092,543118.8105337358
4093,923889.4202981907
4094,375376.21490408975
4095,447990.44242922956
4096,345299.26676364825
4097,338022.3361415448
4098,329922.68947810185
4099,403379.45545104955
4100,462811.99302395416
4101,412053.91279690375
4102,430285.47825902613
4103,383098.9093980968
4104,937740.9650638587
4105,374257.63189042435
4106,519858.88399500423
4107,287922.9540923713
4108,327793.803721924
4109,672505.9063188109
4110,371680.5587150068
4111,285695.2903456928
4112,258201.29764483302
4113,654302.0457157345
4114,360105.9283785685
4115,460488.0603759419
4116,331511.5839837718
4117,467355.08959216386
4118,536330.4845605704
4119,521422.2153487612
4120,769085.4198752788
4121,285639.19014452555
4122,412613.76030777796
4123,688943.9110759927
4124,727169.9704195416
4125,468877.4794764059
4126,339378.40095587284
4127,358486.9935078912
4128,605581.2334638578
4129,371008.6969956257
4130,338366.56812869676
4131,335422.9714034824
4132,262073.96161174207
4133,598045.7620202439
4134,968507.0440790305
4135,727149.4348161662
4136,850354.790625269
4137,582018.2873518835
4138,393739.05257071287
4139,268538.6522944648
4140,465908.1895741077
4141,806011.9044405828
4142,537985.3176984518
4143,573225.8958098745
4144,343112.2780010586
4145,553506.9795255447
4146,529198.6631226211
4147,370252.71208260866
4148,422451.84904588276
4149,445903.5859376502
4150,320012.86865143944
4151,913235.3968735915
4152,404746.8170951814
4153,311107.8979378315
4154,298457.5153674529
4155,605841.4113829657
4156,296126.9701169188
4157,367367.7949106549
4158,364447.7374375263
4159,478854.9035154865
4160,548671.6831454573
4161,295181.73856608727
4162,349859.8821475733
4163,261090.59989056535
4164,322548.84289749764
4165,289263.6542795002
4166,290216.1809972719
4167,487920.5998950618
4168,434159.2641386286
4169,351894.73692456767
4170,851007.8520303676
4171,603357.1108604419
4172,326360.60549317487
4173,426266.9678065275
4174,683647.351925705
4175,642106.4972992701
4176,368448.85407450335
4177,1517350.0111871697
4178,691611.0119312924
4179,707501.6336824358
4180,291295.1545330115
4181,686331.1465508254
4182,280077.8224606605
4183,783888.9861242796
4184,455076.5180966924
4185,310361.42691658513
4186,322275.6373403938
4187,833882.2938393292
4188,719029.5733275936
4189,478867.72672516597
4190,347109.7623525179
4191,399941.1531103456
4192,659918.609452982
4193,355672.6248230408
4194,892313.9745624608
4195,1173033.90182958
4196,1187143.344928715
4197,686359.3724025739
4198,697074.2265286039
4199,285678.78953065956
4200,486462.95224623155
4201,369571.107724766
4202,411072.94777463266
4203,519855.34204508073
4204,884330.4949945065
4205,686512.4515092693
4206,639636.1892365038
4207,352096.42535170104
4208,368440.245000165
4209,1050560.2104102678
4210,503821.7946781948
4211,934899.9015659136
4212,353996.3778990247
4213,489822.68297777267
4214,580110.518867303
4215,1079704.8301077848
4216,3053808.323733435
4217,332489.6785050278
4218,334111.4397209848
4219,415567.2768071736
4220,348482.26327166863
4221,637148.9473989939
4222,266188.3686915978
4223,580059.800442795
4224,863733.0370140793
4225,815290.7093089689
4226,315045.30147294427
4227,335106.1539715806
4228,334111.4397209848
4229,298004.1334429205
4230,1344219.0395096827
4231,1470514.312130878
4232,436166.094583006
4233,528100.3506369735
4234,811985.1567566092
4235,1047258.5367455687
4236,321615.7479192517
4237,540576.9692479204
4238,386091.4630776636
4239,715844.1917491612
4240,1436500.6565409326
4241,261034.518088941
4242,1097521.8645030023
4243,458638.91910142254
4244,371312.16739166906
4245,434496.46499270474
4246,270622.4703104628
4247,524251.8315721112
4248,254810.95505031588
4249,288432.93936300906
4250,1100944.1129585335
4251,271464.0480628912
4252,564316.6997267023
4253,306549.55704646907
4254,452944.9052395222
4255,371513.2457317194
4256,637170.2405682382
4257,351222.8826083726
4258,492511.37879206584
4259,399625.9737550685
4260,282296.12978036917
4261,1067793.063934341
4262,310144.5866962851
4263,449950.3020549264
4264,460074.0548417612
4265,315026.5422008909
4266,339071.3103574861
4267,340421.6143936008
4268,447652.3313094168
4269,321204.61463002255
4270,753857.9099183271
4271,1132528.3636117151
4272,612829.681564707
4273,512016.59882690856
4274,673036.4785503106
4275,414542.05282482045
4276,376901.1382504863
4277,368437.5036687637
4278,877410.6929361781
4279,285678.78953065956
4280,304089.3925115302
4281,597945.7035393885
4282,304131.8237945971
4283,651746.518269495
4284,375724.6506220192
4285,651493.0681272212
4286,1307631.1018725454
4287,427112.8914867961
4288,247310.63378267305
4289,399666.8519587751
4290,598708.7787590291
4291,598708.7787590291
4292,352619.2618379359
4293,226057.58857407936
4294,282284.34488917264
4295,356090.52095406683
4296,340679.0997556714
4297,352876.75397659576
4298,314795.47898252995
4299,526263.5508979555
4300,1338760.742906207
4301,575444.6694203533
4302,310176.2057267714
4303,995193.0240832671
4304,518008.7684173583
4305,356811.3069886373
4306,824951.3403369574
4307,739185.1294641345
4308,683161.1211549469
4309,960857.5590138119
4310,1119148.0619549996
4311,340022.1494630458
4312,283932.6363405493
4313,473441.10245069116
4314,348758.35439751484
4315,540576.0337129893
4316,801835.7775369732
4317,327334.1081090912
4318,354309.7704008205
4319,480679.26000197075
4320,255177.14066191597
4321,364109.5214085624
4322,255177.10788225604
